3 4194624
1 2147450880
3 4194632
3 4194640
3 4194648
3 4194656
3 4194664
3 4194672
3 4194680
3 4194688
2 268446244
3 4194696
3 4194704
3 4194712
3 4194720
3 4194728
3 4197040
3 4197048
2 2147450848
3 4197056
3 4212496
3 4212504
2 2147450824
3 4212512
3 4212520
2 2147450828
3 4212528
3 4212536
1 2147450884
3 4212544
3 4212552
3 4212560
3 4234608
3 4234616
2 2147450796
3 4234624
3 4234632
2 2147450800
3 4234640
2 2147450792
3 4234648
3 4234680
3 4234688
3 4234696
3 4246560
3 4246568
3 4246576
3 4246584
3 4246640
3 4246648
3 4246656
3 4246664
3 4246672
3 4246680
3 4246688
1 2147451032
3 4246696
3 4246704
3 4246712
3 4246720
3 4246728
3 4246736
3 4246744
3 4246752
3 4246760
3 4246768
3 4246776
3 4246784
3 4246792
3 4246688
1 2147451036
3 4246696
3 4246704
3 4246712
3 4246720
3 4246728
3 4246736
3 4246744
3 4246752
3 4246760
3 4246768
3 4246776
3 4246784
3 4246792
3 4246688
1 2147451040
3 4246696
3 4246704
3 4246712
3 4246720
3 4246728
3 4246736
3 4246744
3 4246752
3 4246760
3 4246768
3 4246776
3 4246784
3 4246792
3 4246800
1 2147451040
3 4246808
3 4246816
3 4246824
3 4246832
1 2147451041
3 4246840
3 4246848
3 4246856
3 4246864
1 2147451042
3 4246872
3 4246880
3 4246960
3 4246968
3 4234704
3 4234712
3 4234720
3 4234728
3 4234688
3 4234696
3 4246560
3 4246568
3 4246576
3 4246584
3 4246592
1 2147451043
3 4246600
3 4246608
3 4246616
3 4246624
3 4246632
3 4246640
3 4246648
3 4246656
3 4246664
3 4246672
3 4246680
3 4246688
1 2147451044
3 4246696
3 4246704
3 4246712
3 4246720
3 4246728
3 4246736
3 4246744
3 4246752
3 4246760
3 4246768
3 4246776
3 4246784
3 4246792
3 4246688
1 2147451048
3 4246696
3 4246704
3 4246712
3 4246720
3 4246728
3 4246736
3 4246744
3 4246752
3 4246760
3 4246768
3 4246776
3 4246784
3 4246792
3 4246688
1 2147451052
3 4246696
3 4246704
3 4246712
3 4246720
3 4246728
3 4246736
3 4246744
3 4246752
3 4246760
3 4246768
3 4246776
3 4246784
3 4246792
3 4246800
1 2147451052
3 4246808
3 4246816
3 4246824
3 4246832
1 2147451053
3 4246840
3 4246848
3 4246960
3 4246968
3 4234704
3 4234712
3 4234720
3 4234728
3 4234688
3 4234696
3 4246560
3 4246568
3 4246576
3 4246584
3 4246592
1 2147451054
3 4246600
3 4246608
3 4246616
3 4246624
3 4246632
3 4246592
1 2147451055
3 4246600
3 4246608
3 4246616
3 4246624
3 4246632
3 4246640
3 4246648
3 4246656
3 4246664
3 4246672
3 4246680
3 4246688
1 2147451056
3 4246696
3 4246704
3 4246712
3 4246720
3 4246728
3 4246736
3 4246744
3 4246752
3 4246760
3 4246768
3 4246776
3 4246784
3 4246792
3 4246688
1 2147451060
3 4246696
3 4246704
3 4246712
3 4246720
3 4246728
3 4246736
3 4246744
3 4246800
1 2147451060
3 4246808
3 4246816
3 4246824
3 4246832
1 2147451061
3 4246840
3 4246848
3 4246856
3 4246864
1 2147451062
3 4246872
3 4246880
3 4246888
3 4246896
1 2147451063
3 4246904
3 4246912
3 4246920
3 4246928
3 4246952
3 4246960
3 4246968
3 4234704
3 4234736
3 4234744
1 2147450800
3 4234752
1 2147450796
3 4234760
1 2147450792
3 4234768
3 4234776
3 4212568
3 4212592
3 4212600
2 268445588
3 4212608
1 2147450828
3 4212616
1 2147450824
3 4212624
3 4212632
3 4197064
1 2147450848
3 4197072
3 4197080
3 4194736
2 268446240
3 4194744
3 4194752
3 4194760
3 4194768
3 4194800
3 4194808
2 2147450804
3 4194816
2 2147450800
3 4194824
2 2147450796
3 4194832
2 2147450792
3 4194840
2 2147450848
2 2147450852
3 4194848
2 2147450840
2 2147450844
3 4194856
2 2147450832
2 2147450836
3 4194864
2 2147450824
2 2147450828
3 4194872
2 2147450816
2 2147450820
3 4194880
2 2147450808
2 2147450812
3 4194888
3 4196952
1 268443828
3 4196960
3 4196968
2 2147450736
3 4196976
3 4196984
3 4196992
2 268443828
3 4197000
3 4196656
3 4196664
2 2147450712
3 4196672
2 2147450708
3 4196680
2 2147450704
3 4196688
3 4196696
3 4196704
1 268446256
3 4196712
3 4196720
3 4196800
3 4196808
3 4196888
3 4196896
3 4196904
3 4211968
3 4211976
2 2147450680
3 4211984
3 4211992
2 2147450684
3 4212000
3 4212104
1 268445568
3 4212112
3 4212120
2 2147450656
3 4212128
3 4212136
1 268442948
3 4212144
3 4212152
3 4212248
1 268442948
3 4212256
3 4212264
3 4212400
3 4212408
2 268442948
3 4212416
3 4212424
3 4212432
3 4212440
3 4212448
3 4212456
3 4212472
1 2147450656
3 4212480
3 4212488
3 4212008
3 4212016
3 4212024
3 4212032
3 4212040
2 268442952
3 4212048
2 268442956
3 4212056
3 4212072
1 2147450684
3 4212080
1 2147450680
3 4212088
3 4212096
3 4196912
1 2147450712
3 4196920
1 2147450708
3 4196928
1 2147450704
3 4196936
3 4196944
3 4197008
1 2147450736
3 4197016
3 4197024
3 4194896
1 268443752
1 268443756
3 4194904
1 268443744
1 268443748
3 4194912
3 4194920
1 268443696
3 4194928
1 268443696
3 4194936
1 268443700
3 4194944
1 268443700
3 4194952
1 2147450784
2 2147450784
3 4194960
1 2147450784
2 2147450784
3 4194968
1 2147450788
2 2147450788
3 4194976
1 2147450788
2 2147450788
3 4194984
3 4194992
3 4197568
3 4197576
2 2147450728
3 4197584
2 2147450732
3 4197592
3 4197600
3 4197608
2 2147450712
3 4197616
2 2147450716
3 4197624
3 4197632
2 2147450704
3 4197640
2 2147450708
3 4197648
3 4197656
2 2147450696
3 4197664
2 2147450736
3 4197672
2 2147450740
3 4197680
3 4197688
2 2147450720
3 4197696
2 2147450724
3 4197704
3 4197736
1 268443904
3 4197744
1 268443908
3 4197752
3 4197760
3 4197768
3 4197776
3 4197800
3 4197808
3 4197832
3 4197840
3 4213328
3 4213336
2 2147450672
3 4213344
2 2147450676
3 4213352
3 4213360
2 2147450664
3 4213368
3 4213376
1 2147447444
