3 4194624
1 2147450880
3 4194632
3 4194640
3 4194648
3 4194656
3 4194664
3 4194672
3 4194680
3 4194688
2 268446244
3 4194696
3 4194704
3 4194712
3 4194720
3 4194728
3 4197040
3 4197048
2 2147450848
3 4197056
3 4212496
3 4212504
2 2147450824
3 4212512
3 4212520
2 2147450828
3 4212528
3 4212536
1 2147450884
3 4212544
3 4212552
3 4212560
3 4234608
3 4234616
2 2147450796
3 4234624
3 4234632
2 2147450800
3 4234640
2 2147450792
3 4234648
3 4234680
3 4234688
3 4234696
3 4246560
3 4246568
3 4246576
3 4246584
3 4246640
3 4246648
3 4246656
3 4246664
3 4246672
3 4246680
3 4246688
1 2147451032
3 4246696
3 4246704
3 4246712
3 4246720
3 4246728
3 4246736
3 4246744
3 4246752
3 4246760
3 4246768
3 4246776
3 4246784
3 4246792
3 4246688
1 2147451036
3 4246696
3 4246704
3 4246712
3 4246720
3 4246728
3 4246736
3 4246744
3 4246752
3 4246760
3 4246768
3 4246776
3 4246784
3 4246792
3 4246688
1 2147451040
3 4246696
3 4246704
3 4246712
3 4246720
3 4246728
3 4246736
3 4246744
3 4246752
3 4246760
3 4246768
3 4246776
3 4246784
3 4246792
3 4246800
1 2147451040
3 4246808
3 4246816
3 4246824
3 4246832
1 2147451041
3 4246840
3 4246848
3 4246856
3 4246864
1 2147451042
3 4246872
3 4246880
3 4246960
3 4246968
3 4234704
3 4234712
3 4234720
3 4234728
3 4234688
3 4234696
3 4246560
3 4246568
3 4246576
3 4246584
3 4246592
1 2147451043
3 4246600
3 4246608
3 4246616
3 4246624
3 4246632
3 4246640
3 4246648
3 4246656
3 4246664
3 4246672
3 4246680
3 4246688
1 2147451044
3 4246696
3 4246704
3 4246712
3 4246720
3 4246728
3 4246736
3 4246744
3 4246752
3 4246760
3 4246768
3 4246776
3 4246784
3 4246792
3 4246688
1 2147451048
3 4246696
3 4246704
3 4246712
3 4246720
3 4246728
3 4246736
3 4246744
3 4246752
3 4246760
3 4246768
3 4246776
3 4246784
3 4246792
3 4246688
1 2147451052
3 4246696
3 4246704
3 4246712
3 4246720
3 4246728
3 4246736
3 4246744
3 4246752
3 4246760
3 4246768
3 4246776
3 4246784
3 4246792
3 4246800
1 2147451052
3 4246808
3 4246816
3 4246824
3 4246832
1 2147451053
3 4246840
3 4246848
3 4246960
3 4246968
3 4234704
3 4234712
3 4234720
3 4234728
3 4234688
3 4234696
3 4246560
3 4246568
3 4246576
3 4246584
3 4246592
1 2147451054
3 4246600
3 4246608
3 4246616
3 4246624
3 4246632
3 4246592
1 2147451055
3 4246600
3 4246608
3 4246616
3 4246624
3 4246632
3 4246640
3 4246648
3 4246656
3 4246664
3 4246672
3 4246680
3 4246688
1 2147451056
3 4246696
3 4246704
3 4246712
3 4246720
3 4246728
3 4246736
3 4246744
3 4246752
3 4246760
3 4246768
3 4246776
3 4246784
3 4246792
3 4246688
1 2147451060
3 4246696
3 4246704
3 4246712
3 4246720
3 4246728
3 4246736
3 4246744
3 4246800
1 2147451060
3 4246808
3 4246816
3 4246824
3 4246832
1 2147451061
3 4246840
3 4246848
3 4246856
3 4246864
1 2147451062
3 4246872
3 4246880
3 4246888
3 4246896
1 2147451063
3 4246904
3 4246912
3 4246920
3 4246928
3 4246952
3 4246960
3 4246968
3 4234704
3 4234736
3 4234744
1 2147450800
3 4234752
1 2147450796
3 4234760
1 2147450792
3 4234768
3 4234776
3 4212568
3 4212592
3 4212600
2 268445588
3 4212608
1 2147450828
3 4212616
1 2147450824
3 4212624
3 4212632
3 4197064
1 2147450848
3 4197072
3 4197080
3 4194736
2 268446240
3 4194744
3 4194752
3 4194760
3 4194768
3 4194800
3 4194808
2 2147450804
3 4194816
2 2147450800
3 4194824
2 2147450796
3 4194832
2 2147450792
3 4194840
2 2147450848
2 2147450852
3 4194848
2 2147450840
2 2147450844
3 4194856
2 2147450832
2 2147450836
3 4194864
2 2147450824
2 2147450828
3 4194872
2 2147450816
2 2147450820
3 4194880
2 2147450808
2 2147450812
3 4194888
3 4196952
1 268443828
3 4196960
3 4196968
2 2147450736
3 4196976
3 4196984
3 4196992
2 268443828
3 4197000
3 4196656
3 4196664
2 2147450712
3 4196672
2 2147450708
3 4196680
2 2147450704
3 4196688
3 4196696
3 4196704
1 268446256
3 4196712
3 4196720
3 4196800
3 4196808
3 4196888
3 4196896
3 4196904
3 4211968
3 4211976
2 2147450680
3 4211984
3 4211992
2 2147450684
3 4212000
3 4212104
1 268445568
3 4212112
3 4212120
2 2147450656
3 4212128
3 4212136
1 268442948
3 4212144
3 4212152
3 4212248
1 268442948
3 4212256
3 4212264
3 4212400
3 4212408
2 268442948
3 4212416
3 4212424
3 4212432
3 4212440
3 4212448
3 4212456
3 4212472
1 2147450656
3 4212480
3 4212488
3 4212008
3 4212016
3 4212024
3 4212032
3 4212040
2 268442952
3 4212048
2 268442956
3 4212056
3 4212072
1 2147450684
3 4212080
1 2147450680
3 4212088
3 4212096
3 4196912
1 2147450712
3 4196920
1 2147450708
3 4196928
1 2147450704
3 4196936
3 4196944
3 4197008
1 2147450736
3 4197016
3 4197024
3 4194896
1 268443752
1 268443756
3 4194904
1 268443744
1 268443748
3 4194912
3 4194920
1 268443696
3 4194928
1 268443696
3 4194936
1 268443700
3 4194944
1 268443700
3 4194952
1 2147450784
2 2147450784
3 4194960
1 2147450784
2 2147450784
3 4194968
1 2147450788
2 2147450788
3 4194976
1 2147450788
2 2147450788
3 4194984
3 4194992
3 4197568
3 4197576
2 2147450728
3 4197584
2 2147450732
3 4197592
3 4197600
3 4197608
2 2147450712
3 4197616
2 2147450716
3 4197624
3 4197632
2 2147450704
3 4197640
2 2147450708
3 4197648
3 4197656
2 2147450696
3 4197664
2 2147450736
3 4197672
2 2147450740
3 4197680
3 4197688
2 2147450720
3 4197696
2 2147450724
3 4197704
3 4197736
1 268443904
3 4197744
1 268443908
3 4197752
3 4197760
3 4197768
3 4197776
3 4197800
3 4197808
3 4197832
3 4197840
3 4213328
3 4213336
2 2147450672
3 4213344
2 2147450676
3 4213352
3 4213360
2 2147450664
3 4213368
3 4213376
2 2147450668
3 4213384
3 4245840
3 4245848
3 4245856
3 4245864
3 4245872
3 4245880
3 4245888
3 4245936
3 4245944
3 4213392
3 4213400
3 4213408
3 4245952
3 4245960
3 4245968
3 4245976
3 4245984
3 4245992
3 4246000
3 4246056
3 4246064
3 4213416
3 4213424
3 4213432
1 2147450668
3 4213440
1 2147450664
3 4213448
1 2147450672
3 4213456
1 2147450676
3 4213464
3 4213472
3 4197848
3 4198016
1 268443912
3 4198024
1 268443916
3 4198032
3 4198040
3 4198048
3 4198056
3 4198408
1 2147450696
3 4198416
1 2147450736
3 4198424
1 2147450740
3 4198432
1 2147450728
3 4198440
1 2147450732
3 4198448
1 2147450720
3 4198456
1 2147450724
3 4198464
1 2147450712
3 4198472
1 2147450716
3 4198480
1 2147450704
3 4198488
1 2147450708
3 4198496
3 4198504
3 4195000
3 4195008
3 4195016
3 4195024
3 4199248
2 2147450748
3 4199256
3 4199264
2 2147450744
3 4199272
1 268443860
3 4199280
2 2147450752
3 4199288
2 2147450756
3 4199296
3 4199304
3 4199312
2 2147450736
3 4199320
3 4215008
3 4215016
2 2147450696
3 4215024
3 4215032
2 2147450680
3 4215040
3 4215048
2 2147450700
3 4215056
3 4215064
2 2147450716
3 4215072
2 2147450712
3 4215080
2 2147450708
3 4215088
2 2147450704
3 4215096
2 2147450692
3 4215104
2 2147450688
3 4215112
2 2147450684
3 4215120
2 2147450728
3 4215128
3 4215136
1 268440416
3 4215144
3 4215152
3 4215160
3 4215184
1 268440416
3 4215192
3 4215200
3 4215208
3 4215216
1 268440444
3 4215224
3 4215232
3 4215240
3 4215280
1 268440492
3 4215288
3 4215296
3 4215304
3 4215312
3 4215320
3 4238976
3 4238984
2 2147448208
3 4238992
3 4239000
2 2147448216
3 4239008
3 4239016
3 4239024
2 2147448220
3 4239032
3 4239040
2 2147448224
3 4239048
2 2147448212
3 4239056
3 4239064
1 268440416
3 4239072
3 4239080
3 4239088
3 4239112
1 268440416
3 4239120
3 4239128
3 4239136
3 4239144
1 268440444
3 4239152
3 4239160
3 4239200
1 268440492
3 4239208
3 4239216
3 4239224
3 4239232
3 4239288
1 268440492
3 4239296
3 4239304
3 4239312
1 268445968
3 4239320
3 4239328
1 268445972
3 4239336
2 268440468
3 4239344
2 268440472
3 4239352
3 4239360
3 4239368
1 268436272
3 4239376
1 268436276
3 4239384
1 268436280
3 4239392
2 268440448
3 4239400
2 268440452
3 4239408
2 268440456
3 4239416
1 268436284
3 4239424
1 268436288
3 4239432
2 268440460
3 4239440
2 268440464
3 4239448
3 4239456
3 4270640
3 4270648
2 2147448176
3 4270656
3 4270664
2 2147448184
3 4270672
2 2147448180
3 4270680
1 268440432
3 4270688
1 268440440
3 4270696
3 4270704
1 268440492
3 4270712
3 4270720
3 4270728
3 4270736
3 4270744
3 4282416
3 4282424
3 4282432
3 4282440
3 4282448
3 4270752
3 4270760
1 2147448120
3 4270768
3 4270776
3 4270784
3 4270824
3 4270832
3 4270896
1 2147448160
3 4270904
2 268440436
3 4270912
1 2147448184
3 4270920
1 2147448180
3 4270928
1 2147448176
3 4270936
3 4270944
3 4239464
1 268440492
3 4239472
3 4239480
2 268440492
3 4239488
1 268440432
3 4239496
3 4239504
1 268440492
3 4239512
3 4239520
3 4239528
1 268440436
3 4239536
3 4239560
1 268440436
3 4239568
1 268446240
3 4239576
3 4239584
3 4239592
3 4232168
1 268446276
3 4232176
3 4232184
2 2147448168
3 4232192
3 4232200
2 2147448188
3 4232208
2 2147448184
3 4232216
2 2147448180
3 4232224
2 2147448176
3 4232232
2 2147448172
3 4232240
3 4232264
1 268446300
3 4232272
3 4232280
3 4230720
3 4230728
1 268445952
3 4230736
3 4230744
3 4230752
2 2147448148
3 4230760
2 2147448144
3 4230768
2 268446224
3 4230776
3 4269744
3 4269752
2 2147448120
3 4269760
3 4280128
3 4280136
2 2147448100
3 4280144
2 2147448096
3 4280152
3 4280176
1 268446208
3 4280184
3 4280192
3 4282768
1 268446212
3 4282776
3 4282784
3 4282800
3 4282808
3 4282816
3 4282824
2 268446208
3 4282832
3 4282840
3 4280200
3 4280208
3 4280216
3 4280224
3 4280232
1 2147448100
3 4280240
1 2147448096
3 4280248
3 4280256
3 4269768
3 4269776
3 4269784
3 4269792
3 4269800
1 2147448120
3 4269808
3 4269816
3 4230784
3 4230792
3 4230800
3 4230808
3 4230816
3 4230824
1 268445952
3 4230832
3 4230840
3 4269744
3 4269752
2 2147448120
3 4269760
3 4280128
3 4280136
2 2147448100
3 4280144
2 2147448096
3 4280152
3 4280176
1 268446208
3 4280184
3 4280192
3 4282768
1 268446212
3 4282776
3 4282784
3 4282800
3 4282808
3 4282816
3 4282824
2 268446208
3 4282832
3 4282840
3 4280200
3 4280208
3 4280216
3 4280224
3 4280232
1 2147448100
3 4280240
1 2147448096
3 4280248
3 4280256
3 4269768
3 4269776
3 4269784
3 4269792
3 4269800
1 2147448120
3 4269808
3 4269816
3 4230848
1 268446292
3 4230856
3 4230872
2 268446296
3 4230880
3 4230888
1 268446224
3 4230896
3 4230904
3 4230912
3 4230920
3 4230928
3 4230936
3 4269824
3 4269832
3 4269840
3 4269848
3 4269856
3 4269864
3 4269872
3 4269880
3 4269888
3 4269896
3 4269944
3 4269952
3 4269960
3 4269968
2 268451840
3 4269976
2 268451844
3 4269984
2 268451848
3 4269992
2 268451852
3 4270000
2 268451856
3 4270008
2 268451860
3 4270016
2 268451864
3 4270024
2 268451868
3 4270032
3 4270040
3 4270048
3 4270056
3 4269968
2 268451872
3 4269976
2 268451876
3 4269984
2 268451880
3 4269992
2 268451884
3 4270000
2 268451888
3 4270008
2 268451892
3 4270016
2 268451896
3 4270024
2 268451900
3 4270032
3 4270040
3 4270048
3 4270056
3 4269968
2 268451904
3 4269976
2 268451908
3 4269984
2 268451912
3 4269992
2 268451916
3 4270000
2 268451920
3 4270008
2 268451924
3 4270016
2 268451928
3 4270024
2 268451932
3 4270032
3 4270040
3 4270048
3 4270056
3 4269968
2 268451936
3 4269976
2 268451940
3 4269984
2 268451944
3 4269992
2 268451948
3 4270000
2 268451952
3 4270008
2 268451956
3 4270016
2 268451960
3 4270024
2 268451964
3 4270032
3 4270040
3 4270048
3 4270056
3 4269968
2 268451968
3 4269976
2 268451972
3 4269984
2 268451976
3 4269992
2 268451980
3 4270000
2 268451984
3 4270008
2 268451988
3 4270016
2 268451992
3 4270024
2 268451996
3 4270032
3 4270040
3 4270048
3 4270056
3 4269968
2 268452000
3 4269976
2 268452004
3 4269984
2 268452008
3 4269992
2 268452012
3 4270000
2 268452016
3 4270008
2 268452020
3 4270016
2 268452024
3 4270024
2 268452028
3 4270032
3 4270040
3 4270048
3 4270056
3 4269968
2 268452032
3 4269976
2 268452036
3 4269984
2 268452040
3 4269992
2 268452044
3 4270000
2 268452048
3 4270008
2 268452052
3 4270016
2 268452056
3 4270024
2 268452060
3 4270032
3 4270040
3 4270048
3 4270056
3 4269968
2 268452064
3 4269976
2 268452068
3 4269984
2 268452072
3 4269992
2 268452076
3 4270000
2 268452080
3 4270008
2 268452084
3 4270016
2 268452088
3 4270024
2 268452092
3 4270032
3 4270040
3 4270048
3 4270056
3 4269968
2 268452096
3 4269976
2 268452100
3 4269984
2 268452104
3 4269992
2 268452108
3 4270000
2 268452112
3 4270008
2 268452116
3 4270016
2 268452120
3 4270024
2 268452124
3 4270032
3 4270040
3 4270048
3 4270056
3 4269968
2 268452128
3 4269976
2 268452132
3 4269984
2 268452136
3 4269992
2 268452140
3 4270000
2 268452144
3 4270008
2 268452148
3 4270016
2 268452152
3 4270024
2 268452156
3 4270032
3 4270040
3 4270048
3 4270056
3 4269968
2 268452160
3 4269976
2 268452164
3 4269984
2 268452168
3 4269992
2 268452172
3 4270000
2 268452176
3 4270008
2 268452180
3 4270016
2 268452184
3 4270024
2 268452188
3 4270032
3 4270040
3 4270048
3 4270056
3 4269968
2 268452192
3 4269976
2 268452196
3 4269984
2 268452200
3 4269992
2 268452204
3 4270000
2 268452208
3 4270008
2 268452212
3 4270016
2 268452216
3 4270024
2 268452220
3 4270032
3 4270040
3 4270048
3 4270056
3 4269968
2 268452224
3 4269976
2 268452228
3 4269984
2 268452232
3 4269992
2 268452236
3 4270000
2 268452240
3 4270008
2 268452244
3 4270016
2 268452248
3 4270024
2 268452252
3 4270032
3 4270040
3 4270048
3 4270056
3 4269968
2 268452256
3 4269976
2 268452260
3 4269984
2 268452264
3 4269992
2 268452268
3 4270000
2 268452272
3 4270008
2 268452276
3 4270016
2 268452280
3 4270024
2 268452284
3 4270032
3 4270040
3 4270048
3 4270056
3 4269968
2 268452288
3 4269976
2 268452292
3 4269984
2 268452296
3 4269992
2 268452300
3 4270000
2 268452304
3 4270008
2 268452308
3 4270016
2 268452312
3 4270024
2 268452316
3 4270032
3 4270040
3 4270048
3 4270056
3 4269968
2 268452320
3 4269976
2 268452324
3 4269984
2 268452328
3 4269992
2 268452332
3 4270000
2 268452336
3 4270008
2 268452340
3 4270016
2 268452344
3 4270024
2 268452348
3 4270032
3 4270040
3 4270048
3 4270056
3 4269968
2 268452352
3 4269976
2 268452356
3 4269984
2 268452360
3 4269992
2 268452364
3 4270000
2 268452368
3 4270008
2 268452372
3 4270016
2 268452376
3 4270024
2 268452380
3 4270032
3 4270040
3 4270048
3 4270056
3 4269968
2 268452384
3 4269976
2 268452388
3 4269984
2 268452392
3 4269992
2 268452396
3 4270000
2 268452400
3 4270008
2 268452404
3 4270016
2 268452408
3 4270024
2 268452412
3 4270032
3 4270040
3 4270048
3 4270056
3 4269968
2 268452416
3 4269976
2 268452420
3 4269984
2 268452424
3 4269992
2 268452428
3 4270000
2 268452432
3 4270008
2 268452436
3 4270016
2 268452440
3 4270024
2 268452444
3 4270032
3 4270040
3 4270048
3 4270056
3 4269968
2 268452448
3 4269976
2 268452452
3 4269984
2 268452456
3 4269992
2 268452460
3 4270000
2 268452464
3 4270008
2 268452468
3 4270016
2 268452472
3 4270024
2 268452476
3 4270032
3 4270040
3 4270048
3 4270056
3 4269968
2 268452480
3 4269976
2 268452484
3 4269984
2 268452488
3 4269992
2 268452492
3 4270000
2 268452496
3 4270008
2 268452500
3 4270016
2 268452504
3 4270024
2 268452508
3 4270032
3 4270040
3 4270048
3 4270056
3 4269968
2 268452512
3 4269976
2 268452516
3 4269984
2 268452520
3 4269992
2 268452524
3 4270000
2 268452528
3 4270008
2 268452532
3 4270016
2 268452536
3 4270024
2 268452540
3 4270032
3 4270040
3 4270048
3 4270056
3 4269968
2 268452544
3 4269976
2 268452548
3 4269984
2 268452552
3 4269992
2 268452556
3 4270000
2 268452560
3 4270008
2 268452564
3 4270016
2 268452568
3 4270024
2 268452572
3 4270032
3 4270040
3 4270048
3 4270056
3 4269968
2 268452576
3 4269976
2 268452580
3 4269984
2 268452584
3 4269992
2 268452588
3 4270000
2 268452592
3 4270008
2 268452596
3 4270016
2 268452600
3 4270024
2 268452604
3 4270032
3 4270040
3 4270048
3 4270056
3 4269968
2 268452608
3 4269976
2 268452612
3 4269984
2 268452616
3 4269992
2 268452620
3 4270000
2 268452624
3 4270008
2 268452628
3 4270016
2 268452632
3 4270024
2 268452636
3 4270032
3 4270040
3 4270048
3 4270056
3 4269968
2 268452640
3 4269976
2 268452644
3 4269984
2 268452648
3 4269992
2 268452652
3 4270000
2 268452656
3 4270008
2 268452660
3 4270016
2 268452664
3 4270024
2 268452668
3 4270032
3 4270040
3 4270048
3 4270056
3 4269968
2 268452672
3 4269976
2 268452676
3 4269984
2 268452680
3 4269992
2 268452684
3 4270000
2 268452688
3 4270008
2 268452692
3 4270016
2 268452696
3 4270024
2 268452700
3 4270032
3 4270040
3 4270048
3 4270056
3 4269968
2 268452704
3 4269976
2 268452708
3 4269984
2 268452712
3 4269992
2 268452716
3 4270000
2 268452720
3 4270008
2 268452724
3 4270016
2 268452728
3 4270024
2 268452732
3 4270032
3 4270040
3 4270048
3 4270056
3 4269968
2 268452736
3 4269976
2 268452740
3 4269984
2 268452744
3 4269992
2 268452748
3 4270000
2 268452752
3 4270008
2 268452756
3 4270016
2 268452760
3 4270024
2 268452764
3 4270032
3 4270040
3 4270048
3 4270056
3 4269968
2 268452768
3 4269976
2 268452772
3 4269984
2 268452776
3 4269992
2 268452780
3 4270000
2 268452784
3 4270008
2 268452788
3 4270016
2 268452792
3 4270024
2 268452796
3 4270032
3 4270040
3 4270048
3 4270056
3 4269968
2 268452800
3 4269976
2 268452804
3 4269984
2 268452808
3 4269992
2 268452812
3 4270000
2 268452816
3 4270008
2 268452820
3 4270016
2 268452824
3 4270024
2 268452828
3 4270032
3 4270040
3 4270048
3 4270056
3 4269968
2 268452832
3 4269976
2 268452836
3 4269984
2 268452840
3 4269992
2 268452844
3 4270000
2 268452848
3 4270008
2 268452852
3 4270016
2 268452856
3 4270024
2 268452860
3 4270032
3 4270040
3 4270048
3 4270056
3 4269968
2 268452864
3 4269976
2 268452868
3 4269984
2 268452872
3 4269992
2 268452876
3 4270000
2 268452880
3 4270008
2 268452884
3 4270016
2 268452888
3 4270024
2 268452892
3 4270032
3 4270040
3 4270048
3 4270056
3 4269968
2 268452896
3 4269976
2 268452900
3 4269984
2 268452904
3 4269992
2 268452908
3 4270000
2 268452912
3 4270008
2 268452916
3 4270016
2 268452920
3 4270024
2 268452924
3 4270032
3 4270040
3 4270048
3 4270056
3 4269968
2 268452928
3 4269976
2 268452932
3 4269984
2 268452936
3 4269992
2 268452940
3 4270000
2 268452944
3 4270008
2 268452948
3 4270016
2 268452952
3 4270024
2 268452956
3 4270032
3 4270040
3 4270048
3 4270056
3 4269968
2 268452960
3 4269976
2 268452964
3 4269984
2 268452968
3 4269992
2 268452972
3 4270000
2 268452976
3 4270008
2 268452980
3 4270016
2 268452984
3 4270024
2 268452988
3 4270032
3 4270040
3 4270048
3 4270056
3 4269968
2 268452992
3 4269976
2 268452996
3 4269984
2 268453000
3 4269992
2 268453004
3 4270000
2 268453008
3 4270008
2 268453012
3 4270016
2 268453016
3 4270024
2 268453020
3 4270032
3 4270040
3 4270048
3 4270056
3 4269968
2 268453024
3 4269976
2 268453028
3 4269984
2 268453032
3 4269992
2 268453036
3 4270000
2 268453040
3 4270008
2 268453044
3 4270016
2 268453048
3 4270024
2 268453052
3 4270032
3 4270040
3 4270048
3 4270056
3 4269968
2 268453056
3 4269976
2 268453060
3 4269984
2 268453064
3 4269992
2 268453068
3 4270000
2 268453072
3 4270008
2 268453076
3 4270016
2 268453080
3 4270024
2 268453084
3 4270032
3 4270040
3 4270048
3 4270056
3 4269968
2 268453088
3 4269976
2 268453092
3 4269984
2 268453096
3 4269992
2 268453100
3 4270000
2 268453104
3 4270008
2 268453108
3 4270016
2 268453112
3 4270024
2 268453116
3 4270032
3 4270040
3 4270048
3 4270056
3 4269968
2 268453120
3 4269976
2 268453124
3 4269984
2 268453128
3 4269992
2 268453132
3 4270000
2 268453136
3 4270008
2 268453140
3 4270016
2 268453144
3 4270024
2 268453148
3 4270032
3 4270040
3 4270048
3 4270056
3 4269968
2 268453152
3 4269976
2 268453156
3 4269984
2 268453160
3 4269992
2 268453164
3 4270000
2 268453168
3 4270008
2 268453172
3 4270016
2 268453176
3 4270024
2 268453180
3 4270032
3 4270040
3 4270048
3 4270056
3 4269968
2 268453184
3 4269976
2 268453188
3 4269984
2 268453192
3 4269992
2 268453196
3 4270000
2 268453200
3 4270008
2 268453204
3 4270016
2 268453208
3 4270024
2 268453212
3 4270032
3 4270040
3 4270048
3 4270056
3 4269968
2 268453216
3 4269976
2 268453220
3 4269984
2 268453224
3 4269992
2 268453228
3 4270000
2 268453232
3 4270008
2 268453236
3 4270016
2 268453240
3 4270024
2 268453244
3 4270032
3 4270040
3 4270048
3 4270056
3 4269968
2 268453248
3 4269976
2 268453252
3 4269984
2 268453256
3 4269992
2 268453260
3 4270000
2 268453264
3 4270008
2 268453268
3 4270016
2 268453272
3 4270024
2 268453276
3 4270032
3 4270040
3 4270048
3 4270056
3 4269968
2 268453280
3 4269976
2 268453284
3 4269984
2 268453288
3 4269992
2 268453292
3 4270000
2 268453296
3 4270008
2 268453300
3 4270016
2 268453304
3 4270024
2 268453308
3 4270032
3 4270040
3 4270048
3 4270056
3 4269968
2 268453312
3 4269976
2 268453316
3 4269984
2 268453320
3 4269992
2 268453324
3 4270000
2 268453328
3 4270008
2 268453332
3 4270016
2 268453336
3 4270024
2 268453340
3 4270032
3 4270040
3 4270048
3 4270056
3 4269968
2 268453344
3 4269976
2 268453348
3 4269984
2 268453352
3 4269992
2 268453356
3 4270000
2 268453360
3 4270008
2 268453364
3 4270016
2 268453368
3 4270024
2 268453372
3 4270032
3 4270040
3 4270048
3 4270056
3 4269968
2 268453376
3 4269976
2 268453380
3 4269984
2 268453384
3 4269992
2 268453388
3 4270000
2 268453392
3 4270008
2 268453396
3 4270016
2 268453400
3 4270024
2 268453404
3 4270032
3 4270040
3 4270048
3 4270056
3 4269968
2 268453408
3 4269976
2 268453412
3 4269984
2 268453416
3 4269992
2 268453420
3 4270000
2 268453424
3 4270008
2 268453428
3 4270016
2 268453432
3 4270024
2 268453436
3 4270032
3 4270040
3 4270048
3 4270056
3 4269968
2 268453440
3 4269976
2 268453444
3 4269984
2 268453448
3 4269992
2 268453452
3 4270000
2 268453456
3 4270008
2 268453460
3 4270016
2 268453464
3 4270024
2 268453468
3 4270032
3 4270040
3 4270048
3 4270056
3 4269968
2 268453472
3 4269976
2 268453476
3 4269984
2 268453480
3 4269992
2 268453484
3 4270000
2 268453488
3 4270008
2 268453492
3 4270016
2 268453496
3 4270024
2 268453500
3 4270032
3 4270040
3 4270048
3 4270056
3 4269968
2 268453504
3 4269976
2 268453508
3 4269984
2 268453512
3 4269992
2 268453516
3 4270000
2 268453520
3 4270008
2 268453524
3 4270016
2 268453528
3 4270024
2 268453532
3 4270032
3 4270040
3 4270048
3 4270056
3 4269968
2 268453536
3 4269976
2 268453540
3 4269984
2 268453544
3 4269992
2 268453548
3 4270000
2 268453552
3 4270008
2 268453556
3 4270016
2 268453560
3 4270024
2 268453564
3 4270032
3 4270040
3 4270048
3 4270056
3 4269968
2 268453568
3 4269976
2 268453572
3 4269984
2 268453576
3 4269992
2 268453580
3 4270000
2 268453584
3 4270008
2 268453588
3 4270016
2 268453592
3 4270024
2 268453596
3 4270032
3 4270040
3 4270048
3 4270056
3 4269968
2 268453600
3 4269976
2 268453604
3 4269984
2 268453608
3 4269992
2 268453612
3 4270000
2 268453616
3 4270008
2 268453620
3 4270016
2 268453624
3 4270024
2 268453628
3 4270032
3 4270040
3 4270048
3 4270056
3 4269968
2 268453632
3 4269976
2 268453636
3 4269984
2 268453640
3 4269992
2 268453644
3 4270000
2 268453648
3 4270008
2 268453652
3 4270016
2 268453656
3 4270024
2 268453660
3 4270032
3 4270040
3 4270048
3 4270056
3 4269968
2 268453664
3 4269976
2 268453668
3 4269984
2 268453672
3 4269992
2 268453676
3 4270000
2 268453680
3 4270008
2 268453684
3 4270016
2 268453688
3 4270024
2 268453692
3 4270032
3 4270040
3 4270048
3 4270056
3 4269968
2 268453696
3 4269976
2 268453700
3 4269984
2 268453704
3 4269992
2 268453708
3 4270000
2 268453712
3 4270008
2 268453716
3 4270016
2 268453720
3 4270024
2 268453724
3 4270032
3 4270040
3 4270048
3 4270056
3 4269968
2 268453728
3 4269976
2 268453732
3 4269984
2 268453736
3 4269992
2 268453740
3 4270000
2 268453744
3 4270008
2 268453748
3 4270016
2 268453752
3 4270024
2 268453756
3 4270032
3 4270040
3 4270048
3 4270056
3 4269968
2 268453760
3 4269976
2 268453764
3 4269984
2 268453768
3 4269992
2 268453772
3 4270000
2 268453776
3 4270008
2 268453780
3 4270016
2 268453784
3 4270024
2 268453788
3 4270032
3 4270040
3 4270048
3 4270056
3 4269968
2 268453792
3 4269976
2 268453796
3 4269984
2 268453800
3 4269992
2 268453804
3 4270000
2 268453808
3 4270008
2 268453812
3 4270016
2 268453816
3 4270024
2 268453820
3 4270032
3 4270040
3 4270048
3 4270056
3 4269968
2 268453824
3 4269976
2 268453828
3 4269984
2 268453832
3 4269992
2 268453836
3 4270000
2 268453840
3 4270008
2 268453844
3 4270016
2 268453848
3 4270024
2 268453852
3 4270032
3 4270040
3 4270048
3 4270056
3 4269968
2 268453856
3 4269976
2 268453860
3 4269984
2 268453864
3 4269992
2 268453868
3 4270000
2 268453872
3 4270008
2 268453876
3 4270016
2 268453880
3 4270024
2 268453884
3 4270032
3 4270040
3 4270048
3 4270056
3 4269968
2 268453888
3 4269976
2 268453892
3 4269984
2 268453896
3 4269992
2 268453900
3 4270000
2 268453904
3 4270008
2 268453908
3 4270016
2 268453912
3 4270024
2 268453916
3 4270032
3 4270040
3 4270048
3 4270056
3 4269968
2 268453920
3 4269976
2 268453924
3 4269984
2 268453928
3 4269992
2 268453932
3 4270000
2 268453936
3 4270008
2 268453940
3 4270016
2 268453944
3 4270024
2 268453948
3 4270032
3 4270040
3 4270048
3 4270056
3 4269968
2 268453952
3 4269976
2 268453956
3 4269984
2 268453960
3 4269992
2 268453964
3 4270000
2 268453968
3 4270008
2 268453972
3 4270016
2 268453976
3 4270024
2 268453980
3 4270032
3 4270040
3 4270048
3 4270056
3 4269968
2 268453984
3 4269976
2 268453988
3 4269984
2 268453992
3 4269992
2 268453996
3 4270000
2 268454000
3 4270008
2 268454004
3 4270016
2 268454008
3 4270024
2 268454012
3 4270032
3 4270040
3 4270048
3 4270056
3 4269968
2 268454016
3 4269976
2 268454020
3 4269984
2 268454024
3 4269992
2 268454028
3 4270000
2 268454032
3 4270008
2 268454036
3 4270016
2 268454040
3 4270024
2 268454044
3 4270032
3 4270040
3 4270048
3 4270056
3 4269968
2 268454048
3 4269976
2 268454052
3 4269984
2 268454056
3 4269992
2 268454060
3 4270000
2 268454064
3 4270008
2 268454068
3 4270016
2 268454072
3 4270024
2 268454076
3 4270032
3 4270040
3 4270048
3 4270056
3 4269968
2 268454080
3 4269976
2 268454084
3 4269984
2 268454088
3 4269992
2 268454092
3 4270000
2 268454096
3 4270008
2 268454100
3 4270016
2 268454104
3 4270024
2 268454108
3 4270032
3 4270040
3 4270048
3 4270056
3 4269968
2 268454112
3 4269976
2 268454116
3 4269984
2 268454120
3 4269992
2 268454124
3 4270000
2 268454128
3 4270008
2 268454132
3 4270016
2 268454136
3 4270024
2 268454140
3 4270032
3 4270040
3 4270048
3 4270056
3 4269968
2 268454144
3 4269976
2 268454148
3 4269984
2 268454152
3 4269992
2 268454156
3 4270000
2 268454160
3 4270008
2 268454164
3 4270016
2 268454168
3 4270024
2 268454172
3 4270032
3 4270040
3 4270048
3 4270056
3 4269968
2 268454176
3 4269976
2 268454180
3 4269984
2 268454184
3 4269992
2 268454188
3 4270000
2 268454192
3 4270008
2 268454196
3 4270016
2 268454200
3 4270024
2 268454204
3 4270032
3 4270040
3 4270048
3 4270056
3 4269968
2 268454208
3 4269976
2 268454212
3 4269984
2 268454216
3 4269992
2 268454220
3 4270000
2 268454224
3 4270008
2 268454228
3 4270016
2 268454232
3 4270024
2 268454236
3 4270032
3 4270040
3 4270048
3 4270056
3 4269968
2 268454240
3 4269976
2 268454244
3 4269984
2 268454248
3 4269992
2 268454252
3 4270000
2 268454256
3 4270008
2 268454260
3 4270016
2 268454264
3 4270024
2 268454268
3 4270032
3 4270040
3 4270048
3 4270056
3 4269968
2 268454272
3 4269976
2 268454276
3 4269984
2 268454280
3 4269992
2 268454284
3 4270000
2 268454288
3 4270008
2 268454292
3 4270016
2 268454296
3 4270024
2 268454300
3 4270032
3 4270040
3 4270048
3 4270056
3 4269968
2 268454304
3 4269976
2 268454308
3 4269984
2 268454312
3 4269992
2 268454316
3 4270000
2 268454320
3 4270008
2 268454324
3 4270016
2 268454328
3 4270024
2 268454332
3 4270032
3 4270040
3 4270048
3 4270056
3 4269968
2 268454336
3 4269976
2 268454340
3 4269984
2 268454344
3 4269992
2 268454348
3 4270000
2 268454352
3 4270008
2 268454356
3 4270016
2 268454360
3 4270024
2 268454364
3 4270032
3 4270040
3 4270048
3 4270056
3 4269968
2 268454368
3 4269976
2 268454372
3 4269984
2 268454376
3 4269992
2 268454380
3 4270000
2 268454384
3 4270008
2 268454388
3 4270016
2 268454392
3 4270024
2 268454396
3 4270032
3 4270040
3 4270048
3 4270056
3 4269968
2 268454400
3 4269976
2 268454404
3 4269984
2 268454408
3 4269992
2 268454412
3 4270000
2 268454416
3 4270008
2 268454420
3 4270016
2 268454424
3 4270024
2 268454428
3 4270032
3 4270040
3 4270048
3 4270056
3 4269968
2 268454432
3 4269976
2 268454436
3 4269984
2 268454440
3 4269992
2 268454444
3 4270000
2 268454448
3 4270008
2 268454452
3 4270016
2 268454456
3 4270024
2 268454460
3 4270032
3 4270040
3 4270048
3 4270056
3 4269968
2 268454464
3 4269976
2 268454468
3 4269984
2 268454472
3 4269992
2 268454476
3 4270000
2 268454480
3 4270008
2 268454484
3 4270016
2 268454488
3 4270024
2 268454492
3 4270032
3 4270040
3 4270048
3 4270056
3 4269968
2 268454496
3 4269976
2 268454500
3 4269984
2 268454504
3 4269992
2 268454508
3 4270000
2 268454512
3 4270008
2 268454516
3 4270016
2 268454520
3 4270024
2 268454524
3 4270032
3 4270040
3 4270048
3 4270056
3 4269968
2 268454528
3 4269976
2 268454532
3 4269984
2 268454536
3 4269992
2 268454540
3 4270000
2 268454544
3 4270008
2 268454548
3 4270016
2 268454552
3 4270024
2 268454556
3 4270032
3 4270040
3 4270048
3 4270056
3 4269968
2 268454560
3 4269976
2 268454564
3 4269984
2 268454568
3 4269992
2 268454572
3 4270000
2 268454576
3 4270008
2 268454580
3 4270016
2 268454584
3 4270024
2 268454588
3 4270032
3 4270040
3 4270048
3 4270056
3 4269968
2 268454592
3 4269976
2 268454596
3 4269984
2 268454600
3 4269992
2 268454604
3 4270000
2 268454608
3 4270008
2 268454612
3 4270016
2 268454616
3 4270024
2 268454620
3 4270032
3 4270040
3 4270048
3 4270056
3 4269968
2 268454624
3 4269976
2 268454628
3 4269984
2 268454632
3 4269992
2 268454636
3 4270000
2 268454640
3 4270008
2 268454644
3 4270016
2 268454648
3 4270024
2 268454652
3 4270032
3 4270040
3 4270048
3 4270056
3 4269968
2 268454656
3 4269976
2 268454660
3 4269984
2 268454664
3 4269992
2 268454668
3 4270000
2 268454672
3 4270008
2 268454676
3 4270016
2 268454680
3 4270024
2 268454684
3 4270032
3 4270040
3 4270048
3 4270056
3 4269968
2 268454688
3 4269976
2 268454692
3 4269984
2 268454696
3 4269992
2 268454700
3 4270000
2 268454704
3 4270008
2 268454708
3 4270016
2 268454712
3 4270024
2 268454716
3 4270032
3 4270040
3 4270048
3 4270056
3 4269968
2 268454720
3 4269976
2 268454724
3 4269984
2 268454728
3 4269992
2 268454732
3 4270000
2 268454736
3 4270008
2 268454740
3 4270016
2 268454744
3 4270024
2 268454748
3 4270032
3 4270040
3 4270048
3 4270056
3 4269968
2 268454752
3 4269976
2 268454756
3 4269984
2 268454760
3 4269992
2 268454764
3 4270000
2 268454768
3 4270008
2 268454772
3 4270016
2 268454776
3 4270024
2 268454780
3 4270032
3 4270040
3 4270048
3 4270056
3 4269968
2 268454784
3 4269976
2 268454788
3 4269984
2 268454792
3 4269992
2 268454796
3 4270000
2 268454800
3 4270008
2 268454804
3 4270016
2 268454808
3 4270024
2 268454812
3 4270032
3 4270040
3 4270048
3 4270056
3 4269968
2 268454816
3 4269976
2 268454820
3 4269984
2 268454824
3 4269992
2 268454828
3 4270000
2 268454832
3 4270008
2 268454836
3 4270016
2 268454840
3 4270024
2 268454844
3 4270032
3 4270040
3 4270048
3 4270056
3 4269968
2 268454848
3 4269976
2 268454852
3 4269984
2 268454856
3 4269992
2 268454860
3 4270000
2 268454864
3 4270008
2 268454868
3 4270016
2 268454872
3 4270024
2 268454876
3 4270032
3 4270040
3 4270048
3 4270056
3 4269968
2 268454880
3 4269976
2 268454884
3 4269984
2 268454888
3 4269992
2 268454892
3 4270000
2 268454896
3 4270008
2 268454900
3 4270016
2 268454904
3 4270024
2 268454908
3 4270032
3 4270040
3 4270048
3 4270056
3 4269968
2 268454912
3 4269976
2 268454916
3 4269984
2 268454920
3 4269992
2 268454924
3 4270000
2 268454928
3 4270008
2 268454932
3 4270016
2 268454936
3 4270024
2 268454940
3 4270032
3 4270040
3 4270048
3 4270056
3 4269968
2 268454944
3 4269976
2 268454948
3 4269984
2 268454952
3 4269992
2 268454956
3 4270000
2 268454960
3 4270008
2 268454964
3 4270016
2 268454968
3 4270024
2 268454972
3 4270032
3 4270040
3 4270048
3 4270056
3 4269968
2 268454976
3 4269976
2 268454980
3 4269984
2 268454984
3 4269992
2 268454988
3 4270000
2 268454992
3 4270008
2 268454996
3 4270016
2 268455000
3 4270024
2 268455004
3 4270032
3 4270040
3 4270048
3 4270056
3 4269968
2 268455008
3 4269976
2 268455012
3 4269984
2 268455016
3 4269992
2 268455020
3 4270000
2 268455024
3 4270008
2 268455028
3 4270016
2 268455032
3 4270024
2 268455036
3 4270032
3 4270040
3 4270048
3 4270056
3 4269968
2 268455040
3 4269976
2 268455044
3 4269984
2 268455048
3 4269992
2 268455052
3 4270000
2 268455056
3 4270008
2 268455060
3 4270016
2 268455064
3 4270024
2 268455068
3 4270032
3 4270040
3 4270048
3 4270056
3 4269968
2 268455072
3 4269976
2 268455076
3 4269984
2 268455080
3 4269992
2 268455084
3 4270000
2 268455088
3 4270008
2 268455092
3 4270016
2 268455096
3 4270024
2 268455100
3 4270032
3 4270040
3 4270048
3 4270056
3 4269968
2 268455104
3 4269976
2 268455108
3 4269984
2 268455112
3 4269992
2 268455116
3 4270000
2 268455120
3 4270008
2 268455124
3 4270016
2 268455128
3 4270024
2 268455132
3 4270032
3 4270040
3 4270048
3 4270056
3 4269968
2 268455136
3 4269976
2 268455140
3 4269984
2 268455144
3 4269992
2 268455148
3 4270000
2 268455152
3 4270008
2 268455156
3 4270016
2 268455160
3 4270024
2 268455164
3 4270032
3 4270040
3 4270048
3 4270056
3 4269968
2 268455168
3 4269976
2 268455172
3 4269984
2 268455176
3 4269992
2 268455180
3 4270000
2 268455184
3 4270008
2 268455188
3 4270016
2 268455192
3 4270024
2 268455196
3 4270032
3 4270040
3 4270048
3 4270056
3 4269968
2 268455200
3 4269976
2 268455204
3 4269984
2 268455208
3 4269992
2 268455212
3 4270000
2 268455216
3 4270008
2 268455220
3 4270016
2 268455224
3 4270024
2 268455228
3 4270032
3 4270040
3 4270048
3 4270056
3 4269968
2 268455232
3 4269976
2 268455236
3 4269984
2 268455240
3 4269992
2 268455244
3 4270000
2 268455248
3 4270008
2 268455252
3 4270016
2 268455256
3 4270024
2 268455260
3 4270032
3 4270040
3 4270048
3 4270056
3 4269968
2 268455264
3 4269976
2 268455268
3 4269984
2 268455272
3 4269992
2 268455276
3 4270000
2 268455280
3 4270008
2 268455284
3 4270016
2 268455288
3 4270024
2 268455292
3 4270032
3 4270040
3 4270048
3 4270056
3 4269968
2 268455296
3 4269976
2 268455300
3 4269984
2 268455304
3 4269992
2 268455308
3 4270000
2 268455312
3 4270008
2 268455316
3 4270016
2 268455320
3 4270024
2 268455324
3 4270032
3 4270040
3 4270048
3 4270056
3 4269968
2 268455328
3 4269976
2 268455332
3 4269984
2 268455336
3 4269992
2 268455340
3 4270000
2 268455344
3 4270008
2 268455348
3 4270016
2 268455352
3 4270024
2 268455356
3 4270032
3 4270040
3 4270048
3 4270056
3 4269968
2 268455360
3 4269976
2 268455364
3 4269984
2 268455368
3 4269992
2 268455372
3 4270000
2 268455376
3 4270008
2 268455380
3 4270016
2 268455384
3 4270024
2 268455388
3 4270032
3 4270040
3 4270048
3 4270056
3 4269968
2 268455392
3 4269976
2 268455396
3 4269984
2 268455400
3 4269992
2 268455404
3 4270000
2 268455408
3 4270008
2 268455412
3 4270016
2 268455416
3 4270024
2 268455420
3 4270032
3 4270040
3 4270048
3 4270056
3 4269968
2 268455424
3 4269976
2 268455428
3 4269984
2 268455432
3 4269992
2 268455436
3 4270000
2 268455440
3 4270008
2 268455444
3 4270016
2 268455448
3 4270024
2 268455452
3 4270032
3 4270040
3 4270048
3 4270056
3 4269968
2 268455456
3 4269976
2 268455460
3 4269984
2 268455464
3 4269992
2 268455468
3 4270000
2 268455472
3 4270008
2 268455476
3 4270016
2 268455480
3 4270024
2 268455484
3 4270032
3 4270040
3 4270048
3 4270056
3 4269968
2 268455488
3 4269976
2 268455492
3 4269984
2 268455496
3 4269992
2 268455500
3 4270000
2 268455504
3 4270008
2 268455508
3 4270016
2 268455512
3 4270024
2 268455516
3 4270032
3 4270040
3 4270048
3 4270056
3 4269968
2 268455520
3 4269976
2 268455524
3 4269984
2 268455528
3 4269992
2 268455532
3 4270000
2 268455536
3 4270008
2 268455540
3 4270016
2 268455544
3 4270024
2 268455548
3 4270032
3 4270040
3 4270048
3 4270056
3 4269968
2 268455552
3 4269976
2 268455556
3 4269984
2 268455560
3 4269992
2 268455564
3 4270000
2 268455568
3 4270008
2 268455572
3 4270016
2 268455576
3 4270024
2 268455580
3 4270032
3 4270040
3 4270048
3 4270056
3 4269968
2 268455584
3 4269976
2 268455588
3 4269984
2 268455592
3 4269992
2 268455596
3 4270000
2 268455600
3 4270008
2 268455604
3 4270016
2 268455608
3 4270024
2 268455612
3 4270032
3 4270040
3 4270048
3 4270056
3 4269968
2 268455616
3 4269976
2 268455620
3 4269984
2 268455624
3 4269992
2 268455628
3 4270000
2 268455632
3 4270008
2 268455636
3 4270016
2 268455640
3 4270024
2 268455644
3 4270032
3 4270040
3 4270048
3 4270056
3 4269968
2 268455648
3 4269976
2 268455652
3 4269984
2 268455656
3 4269992
2 268455660
3 4270000
2 268455664
3 4270008
2 268455668
3 4270016
2 268455672
3 4270024
2 268455676
3 4270032
3 4270040
3 4270048
3 4270056
3 4269968
2 268455680
3 4269976
2 268455684
3 4269984
2 268455688
3 4269992
2 268455692
3 4270000
2 268455696
3 4270008
2 268455700
3 4270016
2 268455704
3 4270024
2 268455708
3 4270032
3 4270040
3 4270048
3 4270056
3 4269968
2 268455712
3 4269976
2 268455716
3 4269984
2 268455720
3 4269992
2 268455724
3 4270000
2 268455728
3 4270008
2 268455732
3 4270016
2 268455736
3 4270024
2 268455740
3 4270032
3 4270040
3 4270048
3 4270056
3 4269968
2 268455744
3 4269976
2 268455748
3 4269984
2 268455752
3 4269992
2 268455756
3 4270000
2 268455760
3 4270008
2 268455764
3 4270016
2 268455768
3 4270024
2 268455772
3 4270032
3 4270040
3 4270048
3 4270056
3 4269968
2 268455776
3 4269976
2 268455780
3 4269984
2 268455784
3 4269992
2 268455788
3 4270000
2 268455792
3 4270008
2 268455796
3 4270016
2 268455800
3 4270024
2 268455804
3 4270032
3 4270040
3 4270048
3 4270056
3 4269968
2 268455808
3 4269976
2 268455812
3 4269984
2 268455816
3 4269992
2 268455820
3 4270000
2 268455824
3 4270008
2 268455828
3 4270016
2 268455832
3 4270024
2 268455836
3 4270032
3 4270040
3 4270048
3 4270056
3 4269968
2 268455840
3 4269976
2 268455844
3 4269984
2 268455848
3 4269992
2 268455852
3 4270000
2 268455856
3 4270008
2 268455860
3 4270016
2 268455864
3 4270024
2 268455868
3 4270032
3 4270040
3 4270048
3 4270056
3 4269968
2 268455872
3 4269976
2 268455876
3 4269984
2 268455880
3 4269992
2 268455884
3 4270000
2 268455888
3 4270008
2 268455892
3 4270016
2 268455896
3 4270024
2 268455900
3 4270032
3 4270040
3 4270048
3 4270056
3 4269968
2 268455904
3 4269976
2 268455908
3 4269984
2 268455912
3 4269992
2 268455916
3 4270000
2 268455920
3 4270008
2 268455924
3 4270016
2 268455928
3 4270024
2 268455932
3 4270032
3 4270040
3 4270048
3 4270056
3 4269968
2 268455936
3 4269976
2 268455940
3 4269984
2 268455944
3 4269992
2 268455948
3 4270000
2 268455952
3 4270008
2 268455956
3 4270016
2 268455960
3 4270024
2 268455964
3 4270032
3 4270040
3 4270048
3 4270056
3 4269968
2 268455968
3 4269976
2 268455972
3 4269984
2 268455976
3 4269992
2 268455980
3 4270000
2 268455984
3 4270008
2 268455988
3 4270016
2 268455992
3 4270024
2 268455996
3 4270032
3 4270040
3 4270048
3 4270056
3 4269968
2 268456000
3 4269976
2 268456004
3 4269984
2 268456008
3 4269992
2 268456012
3 4270000
2 268456016
3 4270008
2 268456020
3 4270016
2 268456024
3 4270024
2 268456028
3 4270032
3 4270040
3 4270048
3 4270056
3 4269968
2 268456032
3 4269976
2 268456036
3 4269984
2 268456040
3 4269992
2 268456044
3 4270000
2 268456048
3 4270008
2 268456052
3 4270016
2 268456056
3 4270024
2 268456060
3 4270032
3 4270040
3 4270048
3 4270056
3 4269968
2 268456064
3 4269976
2 268456068
3 4269984
2 268456072
3 4269992
2 268456076
3 4270000
2 268456080
3 4270008
2 268456084
3 4270016
2 268456088
3 4270024
2 268456092
3 4270032
3 4270040
3 4270048
3 4270056
3 4269968
2 268456096
3 4269976
2 268456100
3 4269984
2 268456104
3 4269992
2 268456108
3 4270000
2 268456112
3 4270008
2 268456116
3 4270016
2 268456120
3 4270024
2 268456124
3 4270032
3 4270040
3 4270048
3 4270056
3 4269968
2 268456128
3 4269976
2 268456132
3 4269984
2 268456136
3 4269992
2 268456140
3 4270000
2 268456144
3 4270008
2 268456148
3 4270016
2 268456152
3 4270024
2 268456156
3 4270032
3 4270040
3 4270048
3 4270056
3 4269968
2 268456160
3 4269976
2 268456164
3 4269984
2 268456168
3 4269992
2 268456172
3 4270000
2 268456176
3 4270008
2 268456180
3 4270016
2 268456184
3 4270024
2 268456188
3 4270032
3 4270040
3 4270048
3 4270056
3 4269968
2 268456192
3 4269976
2 268456196
3 4269984
2 268456200
3 4269992
2 268456204
3 4270000
2 268456208
3 4270008
2 268456212
3 4270016
2 268456216
3 4270024
2 268456220
3 4270032
3 4270040
3 4270048
3 4270056
3 4269968
2 268456224
3 4269976
2 268456228
3 4269984
2 268456232
3 4269992
2 268456236
3 4270000
2 268456240
3 4270008
2 268456244
3 4270016
2 268456248
3 4270024
2 268456252
3 4270032
3 4270040
3 4270048
3 4270056
3 4269968
2 268456256
3 4269976
2 268456260
3 4269984
2 268456264
3 4269992
2 268456268
3 4270000
2 268456272
3 4270008
2 268456276
3 4270016
2 268456280
3 4270024
2 268456284
3 4270032
3 4270040
3 4270048
3 4270056
3 4269968
2 268456288
3 4269976
2 268456292
3 4269984
2 268456296
3 4269992
2 268456300
3 4270000
2 268456304
3 4270008
2 268456308
3 4270016
2 268456312
3 4270024
2 268456316
3 4270032
3 4270040
3 4270048
3 4270056
3 4269968
2 268456320
3 4269976
2 268456324
3 4269984
2 268456328
3 4269992
2 268456332
3 4270000
2 268456336
3 4270008
2 268456340
3 4270016
2 268456344
3 4270024
2 268456348
3 4270032
3 4270040
3 4270048
3 4270056
3 4269968
2 268456352
3 4269976
2 268456356
3 4269984
2 268456360
3 4269992
2 268456364
3 4270000
2 268456368
3 4270008
2 268456372
3 4270016
2 268456376
3 4270024
2 268456380
3 4270032
3 4270040
3 4270048
3 4270056
3 4269968
2 268456384
3 4269976
2 268456388
3 4269984
2 268456392
3 4269992
2 268456396
3 4270000
2 268456400
3 4270008
2 268456404
3 4270016
2 268456408
3 4270024
2 268456412
3 4270032
3 4270040
3 4270048
3 4270056
3 4269968
2 268456416
3 4269976
2 268456420
3 4269984
2 268456424
3 4269992
2 268456428
3 4270000
2 268456432
3 4270008
2 268456436
3 4270016
2 268456440
3 4270024
2 268456444
3 4270032
3 4270040
3 4270048
3 4270056
3 4269968
2 268456448
3 4269976
2 268456452
3 4269984
2 268456456
3 4269992
2 268456460
3 4270000
2 268456464
3 4270008
2 268456468
3 4270016
2 268456472
3 4270024
2 268456476
3 4270032
3 4270040
3 4270048
3 4270056
3 4269968
2 268456480
3 4269976
2 268456484
3 4269984
2 268456488
3 4269992
2 268456492
3 4270000
2 268456496
3 4270008
2 268456500
3 4270016
2 268456504
3 4270024
2 268456508
3 4270032
3 4270040
3 4270048
3 4270056
3 4269968
2 268456512
3 4269976
2 268456516
3 4269984
2 268456520
3 4269992
2 268456524
3 4270000
2 268456528
3 4270008
2 268456532
3 4270016
2 268456536
3 4270024
2 268456540
3 4270032
3 4270040
3 4270048
3 4270056
3 4269968
2 268456544
3 4269976
2 268456548
3 4269984
2 268456552
3 4269992
2 268456556
3 4270000
2 268456560
3 4270008
2 268456564
3 4270016
2 268456568
3 4270024
2 268456572
3 4270032
3 4270040
3 4270048
3 4270056
3 4269968
2 268456576
3 4269976
2 268456580
3 4269984
2 268456584
3 4269992
2 268456588
3 4270000
2 268456592
3 4270008
2 268456596
3 4270016
2 268456600
3 4270024
2 268456604
3 4270032
3 4270040
3 4270048
3 4270056
3 4269968
2 268456608
3 4269976
2 268456612
3 4269984
2 268456616
3 4269992
2 268456620
3 4270000
2 268456624
3 4270008
2 268456628
3 4270016
2 268456632
3 4270024
2 268456636
3 4270032
3 4270040
3 4270048
3 4270056
3 4269968
2 268456640
3 4269976
2 268456644
3 4269984
2 268456648
3 4269992
2 268456652
3 4270000
2 268456656
3 4270008
2 268456660
3 4270016
2 268456664
3 4270024
2 268456668
3 4270032
3 4270040
3 4270048
3 4270056
3 4269968
2 268456672
3 4269976
2 268456676
3 4269984
2 268456680
3 4269992
2 268456684
3 4270000
2 268456688
3 4270008
2 268456692
3 4270016
2 268456696
3 4270024
2 268456700
3 4270032
3 4270040
3 4270048
3 4270056
3 4269968
2 268456704
3 4269976
2 268456708
3 4269984
2 268456712
3 4269992
2 268456716
3 4270000
2 268456720
3 4270008
2 268456724
3 4270016
2 268456728
3 4270024
2 268456732
3 4270032
3 4270040
3 4270048
3 4270056
3 4269968
2 268456736
3 4269976
2 268456740
3 4269984
2 268456744
3 4269992
2 268456748
3 4270000
2 268456752
3 4270008
2 268456756
3 4270016
2 268456760
3 4270024
2 268456764
3 4270032
3 4270040
3 4270048
3 4270056
3 4269968
2 268456768
3 4269976
2 268456772
3 4269984
2 268456776
3 4269992
2 268456780
3 4270000
2 268456784
3 4270008
2 268456788
3 4270016
2 268456792
3 4270024
2 268456796
3 4270032
3 4270040
3 4270048
3 4270056
3 4269968
2 268456800
3 4269976
2 268456804
3 4269984
2 268456808
3 4269992
2 268456812
3 4270000
2 268456816
3 4270008
2 268456820
3 4270016
2 268456824
3 4270024
2 268456828
3 4270032
3 4270040
3 4270048
3 4270056
3 4269968
2 268456832
3 4269976
2 268456836
3 4269984
2 268456840
3 4269992
2 268456844
3 4270000
2 268456848
3 4270008
2 268456852
3 4270016
2 268456856
3 4270024
2 268456860
3 4270032
3 4270040
3 4270048
3 4270056
3 4269968
2 268456864
3 4269976
2 268456868
3 4269984
2 268456872
3 4269992
2 268456876
3 4270000
2 268456880
3 4270008
2 268456884
3 4270016
2 268456888
3 4270024
2 268456892
3 4270032
3 4270040
3 4270048
3 4270056
3 4269968
2 268456896
3 4269976
2 268456900
3 4269984
2 268456904
3 4269992
2 268456908
3 4270000
2 268456912
3 4270008
2 268456916
3 4270016
2 268456920
3 4270024
2 268456924
3 4270032
3 4270040
3 4270048
3 4270056
3 4269968
2 268456928
3 4269976
2 268456932
3 4269984
2 268456936
3 4269992
2 268456940
3 4270000
2 268456944
3 4270008
2 268456948
3 4270016
2 268456952
3 4270024
2 268456956
3 4270032
3 4270040
3 4270048
3 4270056
3 4269968
2 268456960
3 4269976
2 268456964
3 4269984
2 268456968
3 4269992
2 268456972
3 4270000
2 268456976
3 4270008
2 268456980
3 4270016
2 268456984
3 4270024
2 268456988
3 4270032
3 4270040
3 4270048
3 4270056
3 4269968
2 268456992
3 4269976
2 268456996
3 4269984
2 268457000
3 4269992
2 268457004
3 4270000
2 268457008
3 4270008
2 268457012
3 4270016
2 268457016
3 4270024
2 268457020
3 4270032
3 4270040
3 4270048
3 4270056
3 4269968
2 268457024
3 4269976
2 268457028
3 4269984
2 268457032
3 4269992
2 268457036
3 4270000
2 268457040
3 4270008
2 268457044
3 4270016
2 268457048
3 4270024
2 268457052
3 4270032
3 4270040
3 4270048
3 4270056
3 4269968
2 268457056
3 4269976
2 268457060
3 4269984
2 268457064
3 4269992
2 268457068
3 4270000
2 268457072
3 4270008
2 268457076
3 4270016
2 268457080
3 4270024
2 268457084
3 4270032
3 4270040
3 4270048
3 4270056
3 4269968
2 268457088
3 4269976
2 268457092
3 4269984
2 268457096
3 4269992
2 268457100
3 4270000
2 268457104
3 4270008
2 268457108
3 4270016
2 268457112
3 4270024
2 268457116
3 4270032
3 4270040
3 4270048
3 4270056
3 4269968
2 268457120
3 4269976
2 268457124
3 4269984
2 268457128
3 4269992
2 268457132
3 4270000
2 268457136
3 4270008
2 268457140
3 4270016
2 268457144
3 4270024
2 268457148
3 4270032
3 4270040
3 4270048
3 4270056
3 4269968
2 268457152
3 4269976
2 268457156
3 4269984
2 268457160
3 4269992
2 268457164
3 4270000
2 268457168
3 4270008
2 268457172
3 4270016
2 268457176
3 4270024
2 268457180
3 4270032
3 4270040
3 4270048
3 4270056
3 4269968
2 268457184
3 4269976
2 268457188
3 4269984
2 268457192
3 4269992
2 268457196
3 4270000
2 268457200
3 4270008
2 268457204
3 4270016
2 268457208
3 4270024
2 268457212
3 4270032
3 4270040
3 4270048
3 4270056
3 4269968
2 268457216
3 4269976
2 268457220
3 4269984
2 268457224
3 4269992
2 268457228
3 4270000
2 268457232
3 4270008
2 268457236
3 4270016
2 268457240
3 4270024
2 268457244
3 4270032
3 4270040
3 4270048
3 4270056
3 4269968
2 268457248
3 4269976
2 268457252
3 4269984
2 268457256
3 4269992
2 268457260
3 4270000
2 268457264
3 4270008
2 268457268
3 4270016
2 268457272
3 4270024
2 268457276
3 4270032
3 4270040
3 4270048
3 4270056
3 4269968
2 268457280
3 4269976
2 268457284
3 4269984
2 268457288
3 4269992
2 268457292
3 4270000
2 268457296
3 4270008
2 268457300
3 4270016
2 268457304
3 4270024
2 268457308
3 4270032
3 4270040
3 4270048
3 4270056
3 4269968
2 268457312
3 4269976
2 268457316
3 4269984
2 268457320
3 4269992
2 268457324
3 4270000
2 268457328
3 4270008
2 268457332
3 4270016
2 268457336
3 4270024
2 268457340
3 4270032
3 4270040
3 4270048
3 4270056
3 4269968
2 268457344
3 4269976
2 268457348
3 4269984
2 268457352
3 4269992
2 268457356
3 4270000
2 268457360
3 4270008
2 268457364
3 4270016
2 268457368
3 4270024
2 268457372
3 4270032
3 4270040
3 4270048
3 4270056
3 4269968
2 268457376
3 4269976
2 268457380
3 4269984
2 268457384
3 4269992
2 268457388
3 4270000
2 268457392
3 4270008
2 268457396
3 4270016
2 268457400
3 4270024
2 268457404
3 4270032
3 4270040
3 4270048
3 4270056
3 4269968
2 268457408
3 4269976
2 268457412
3 4269984
2 268457416
3 4269992
2 268457420
3 4270000
2 268457424
3 4270008
2 268457428
3 4270016
2 268457432
3 4270024
2 268457436
3 4270032
3 4270040
3 4270048
3 4270056
3 4269968
2 268457440
3 4269976
2 268457444
3 4269984
2 268457448
3 4269992
2 268457452
3 4270000
2 268457456
3 4270008
2 268457460
3 4270016
2 268457464
3 4270024
2 268457468
3 4270032
3 4270040
3 4270048
3 4270056
3 4269968
2 268457472
3 4269976
2 268457476
3 4269984
2 268457480
3 4269992
2 268457484
3 4270000
2 268457488
3 4270008
2 268457492
3 4270016
2 268457496
3 4270024
2 268457500
3 4270032
3 4270040
3 4270048
3 4270056
3 4269968
2 268457504
3 4269976
2 268457508
3 4269984
2 268457512
3 4269992
2 268457516
3 4270000
2 268457520
3 4270008
2 268457524
3 4270016
2 268457528
3 4270024
2 268457532
3 4270032
3 4270040
3 4270048
3 4270056
3 4269968
2 268457536
3 4269976
2 268457540
3 4269984
2 268457544
3 4269992
2 268457548
3 4270000
2 268457552
3 4270008
2 268457556
3 4270016
2 268457560
3 4270024
2 268457564
3 4270032
3 4270040
3 4270048
3 4270056
3 4269968
2 268457568
3 4269976
2 268457572
3 4269984
2 268457576
3 4269992
2 268457580
3 4270000
2 268457584
3 4270008
2 268457588
3 4270016
2 268457592
3 4270024
2 268457596
3 4270032
3 4270040
3 4270048
3 4270056
3 4269968
2 268457600
3 4269976
2 268457604
3 4269984
2 268457608
3 4269992
2 268457612
3 4270000
2 268457616
3 4270008
2 268457620
3 4270016
2 268457624
3 4270024
2 268457628
3 4270032
3 4270040
3 4270048
3 4270056
3 4269968
2 268457632
3 4269976
2 268457636
3 4269984
2 268457640
3 4269992
2 268457644
3 4270000
2 268457648
3 4270008
2 268457652
3 4270016
2 268457656
3 4270024
2 268457660
3 4270032
3 4270040
3 4270048
3 4270056
3 4269968
2 268457664
3 4269976
2 268457668
3 4269984
2 268457672
3 4269992
2 268457676
3 4270000
2 268457680
3 4270008
2 268457684
3 4270016
2 268457688
3 4270024
2 268457692
3 4270032
3 4270040
3 4270048
3 4270056
3 4269968
2 268457696
3 4269976
2 268457700
3 4269984
2 268457704
3 4269992
2 268457708
3 4270000
2 268457712
3 4270008
2 268457716
3 4270016
2 268457720
3 4270024
2 268457724
3 4270032
3 4270040
3 4270048
3 4270056
3 4269968
2 268457728
3 4269976
2 268457732
3 4269984
2 268457736
3 4269992
2 268457740
3 4270000
2 268457744
3 4270008
2 268457748
3 4270016
2 268457752
3 4270024
2 268457756
3 4270032
3 4270040
3 4270048
3 4270056
3 4269968
2 268457760
3 4269976
2 268457764
3 4269984
2 268457768
3 4269992
2 268457772
3 4270000
2 268457776
3 4270008
2 268457780
3 4270016
2 268457784
3 4270024
2 268457788
3 4270032
3 4270040
3 4270048
3 4270056
3 4269968
2 268457792
3 4269976
2 268457796
3 4269984
2 268457800
3 4269992
2 268457804
3 4270000
2 268457808
3 4270008
2 268457812
3 4270016
2 268457816
3 4270024
2 268457820
3 4270032
3 4270040
3 4270048
3 4270056
3 4269968
2 268457824
3 4269976
2 268457828
3 4269984
2 268457832
3 4269992
2 268457836
3 4270000
2 268457840
3 4270008
2 268457844
3 4270016
2 268457848
3 4270024
2 268457852
3 4270032
3 4270040
3 4270048
3 4270056
3 4269968
2 268457856
3 4269976
2 268457860
3 4269984
2 268457864
3 4269992
2 268457868
3 4270000
2 268457872
3 4270008
2 268457876
3 4270016
2 268457880
3 4270024
2 268457884
3 4270032
3 4270040
3 4270048
3 4270056
3 4269968
2 268457888
3 4269976
2 268457892
3 4269984
2 268457896
3 4269992
2 268457900
3 4270000
2 268457904
3 4270008
2 268457908
3 4270016
2 268457912
3 4270024
2 268457916
3 4270032
3 4270040
3 4270048
3 4270056
3 4269968
2 268457920
3 4269976
2 268457924
3 4269984
2 268457928
3 4269992
2 268457932
3 4270000
2 268457936
3 4270008
2 268457940
3 4270016
2 268457944
3 4270024
2 268457948
3 4270032
3 4270040
3 4270048
3 4270056
3 4269968
2 268457952
3 4269976
2 268457956
3 4269984
2 268457960
3 4269992
2 268457964
3 4270000
2 268457968
3 4270008
2 268457972
3 4270016
2 268457976
3 4270024
2 268457980
3 4270032
3 4270040
3 4270048
3 4270056
3 4269968
2 268457984
3 4269976
2 268457988
3 4269984
2 268457992
3 4269992
2 268457996
3 4270000
2 268458000
3 4270008
2 268458004
3 4270016
2 268458008
3 4270024
2 268458012
3 4270032
3 4270040
3 4270048
3 4270056
3 4269968
2 268458016
3 4269976
2 268458020
3 4269984
2 268458024
3 4269992
2 268458028
3 4270000
2 268458032
3 4270008
2 268458036
3 4270016
2 268458040
3 4270024
2 268458044
3 4270032
3 4270040
3 4270048
3 4270056
3 4269968
2 268458048
3 4269976
2 268458052
3 4269984
2 268458056
3 4269992
2 268458060
3 4270000
2 268458064
3 4270008
2 268458068
3 4270016
2 268458072
3 4270024
2 268458076
3 4270032
3 4270040
3 4270048
3 4270056
3 4269968
2 268458080
3 4269976
2 268458084
3 4269984
2 268458088
3 4269992
2 268458092
3 4270000
2 268458096
3 4270008
2 268458100
3 4270016
2 268458104
3 4270024
2 268458108
3 4270032
3 4270040
3 4270048
3 4270056
3 4269968
2 268458112
3 4269976
2 268458116
3 4269984
2 268458120
3 4269992
2 268458124
3 4270000
2 268458128
3 4270008
2 268458132
3 4270016
2 268458136
3 4270024
2 268458140
3 4270032
3 4270040
3 4270048
3 4270056
3 4269968
2 268458144
3 4269976
2 268458148
3 4269984
2 268458152
3 4269992
2 268458156
3 4270000
2 268458160
3 4270008
2 268458164
3 4270016
2 268458168
3 4270024
2 268458172
3 4270032
3 4270040
3 4270048
3 4270056
3 4269968
2 268458176
3 4269976
2 268458180
3 4269984
2 268458184
3 4269992
2 268458188
3 4270000
2 268458192
3 4270008
2 268458196
3 4270016
2 268458200
3 4270024
2 268458204
3 4270032
3 4270040
3 4270048
3 4270056
3 4269968
2 268458208
3 4269976
2 268458212
3 4269984
2 268458216
3 4269992
2 268458220
3 4270000
2 268458224
3 4270008
2 268458228
3 4270016
2 268458232
3 4270024
2 268458236
3 4270032
3 4270040
3 4270048
3 4270056
3 4269968
2 268458240
3 4269976
2 268458244
3 4269984
2 268458248
3 4269992
2 268458252
3 4270000
2 268458256
3 4270008
2 268458260
3 4270016
2 268458264
3 4270024
2 268458268
3 4270032
3 4270040
3 4270048
3 4270056
3 4269968
2 268458272
3 4269976
2 268458276
3 4269984
2 268458280
3 4269992
2 268458284
3 4270000
2 268458288
3 4270008
2 268458292
3 4270016
2 268458296
3 4270024
2 268458300
3 4270032
3 4270040
3 4270048
3 4270056
3 4269968
2 268458304
3 4269976
2 268458308
3 4269984
2 268458312
3 4269992
2 268458316
3 4270000
2 268458320
3 4270008
2 268458324
3 4270016
2 268458328
3 4270024
2 268458332
3 4270032
3 4270040
3 4270048
3 4270056
3 4269968
2 268458336
3 4269976
2 268458340
3 4269984
2 268458344
3 4269992
2 268458348
3 4270000
2 268458352
3 4270008
2 268458356
3 4270016
2 268458360
3 4270024
2 268458364
3 4270032
3 4270040
3 4270048
3 4270056
3 4269968
2 268458368
3 4269976
2 268458372
3 4269984
2 268458376
3 4269992
2 268458380
3 4270000
2 268458384
3 4270008
2 268458388
3 4270016
2 268458392
3 4270024
2 268458396
3 4270032
3 4270040
3 4270048
3 4270056
3 4269968
2 268458400
3 4269976
2 268458404
3 4269984
2 268458408
3 4269992
2 268458412
3 4270000
2 268458416
3 4270008
2 268458420
3 4270016
2 268458424
3 4270024
2 268458428
3 4270032
3 4270040
3 4270048
3 4270056
3 4269968
2 268458432
3 4269976
2 268458436
3 4269984
2 268458440
3 4269992
2 268458444
3 4270000
2 268458448
3 4270008
2 268458452
3 4270016
2 268458456
3 4270024
2 268458460
3 4270032
3 4270040
3 4270048
3 4270056
3 4269968
2 268458464
3 4269976
2 268458468
3 4269984
2 268458472
3 4269992
2 268458476
3 4270000
2 268458480
3 4270008
2 268458484
3 4270016
2 268458488
3 4270024
2 268458492
3 4270032
3 4270040
3 4270048
3 4270056
3 4269968
2 268458496
3 4269976
2 268458500
3 4269984
2 268458504
3 4269992
2 268458508
3 4270000
2 268458512
3 4270008
2 268458516
3 4270016
2 268458520
3 4270024
2 268458524
3 4270032
3 4270040
3 4270048
3 4270056
3 4269968
2 268458528
3 4269976
2 268458532
3 4269984
2 268458536
3 4269992
2 268458540
3 4270000
2 268458544
3 4270008
2 268458548
3 4270016
2 268458552
3 4270024
2 268458556
3 4270032
3 4270040
3 4270048
3 4270056
3 4269968
2 268458560
3 4269976
2 268458564
3 4269984
2 268458568
3 4269992
2 268458572
3 4270000
2 268458576
3 4270008
2 268458580
3 4270016
2 268458584
3 4270024
2 268458588
3 4270032
3 4270040
3 4270048
3 4270056
3 4269968
2 268458592
3 4269976
2 268458596
3 4269984
2 268458600
3 4269992
2 268458604
3 4270000
2 268458608
3 4270008
2 268458612
3 4270016
2 268458616
3 4270024
2 268458620
3 4270032
3 4270040
3 4270048
3 4270056
3 4269968
2 268458624
3 4269976
2 268458628
3 4269984
2 268458632
3 4269992
2 268458636
3 4270000
2 268458640
3 4270008
2 268458644
3 4270016
2 268458648
3 4270024
2 268458652
3 4270032
3 4270040
3 4270048
3 4270056
3 4269968
2 268458656
3 4269976
2 268458660
3 4269984
2 268458664
3 4269992
2 268458668
3 4270000
2 268458672
3 4270008
2 268458676
3 4270016
2 268458680
3 4270024
2 268458684
3 4270032
3 4270040
3 4270048
3 4270056
3 4269968
2 268458688
3 4269976
2 268458692
3 4269984
2 268458696
3 4269992
2 268458700
3 4270000
2 268458704
3 4270008
2 268458708
3 4270016
2 268458712
3 4270024
2 268458716
3 4270032
3 4270040
3 4270048
3 4270056
3 4269968
2 268458720
3 4269976
2 268458724
3 4269984
2 268458728
3 4269992
2 268458732
3 4270000
2 268458736
3 4270008
2 268458740
3 4270016
2 268458744
3 4270024
2 268458748
3 4270032
3 4270040
3 4270048
3 4270056
3 4269968
2 268458752
3 4269976
2 268458756
3 4269984
2 268458760
3 4269992
2 268458764
3 4270000
2 268458768
3 4270008
2 268458772
3 4270016
2 268458776
3 4270024
2 268458780
3 4270032
3 4270040
3 4270048
3 4270056
3 4269968
2 268458784
3 4269976
2 268458788
3 4269984
2 268458792
3 4269992
2 268458796
3 4270000
2 268458800
3 4270008
2 268458804
3 4270016
2 268458808
3 4270024
2 268458812
3 4270032
3 4270040
3 4270048
3 4270056
3 4269968
2 268458816
3 4269976
2 268458820
3 4269984
2 268458824
3 4269992
2 268458828
3 4270000
2 268458832
3 4270008
2 268458836
3 4270016
2 268458840
3 4270024
2 268458844
3 4270032
3 4270040
3 4270048
3 4270056
3 4269968
2 268458848
3 4269976
2 268458852
3 4269984
2 268458856
3 4269992
2 268458860
3 4270000
2 268458864
3 4270008
2 268458868
3 4270016
2 268458872
3 4270024
2 268458876
3 4270032
3 4270040
3 4270048
3 4270056
3 4269968
2 268458880
3 4269976
2 268458884
3 4269984
2 268458888
3 4269992
2 268458892
3 4270000
2 268458896
3 4270008
2 268458900
3 4270016
2 268458904
3 4270024
2 268458908
3 4270032
3 4270040
3 4270048
3 4270056
3 4269968
2 268458912
3 4269976
2 268458916
3 4269984
2 268458920
3 4269992
2 268458924
3 4270000
2 268458928
3 4270008
2 268458932
3 4270016
2 268458936
3 4270024
2 268458940
3 4270032
3 4270040
3 4270048
3 4270056
3 4269968
2 268458944
3 4269976
2 268458948
3 4269984
2 268458952
3 4269992
2 268458956
3 4270000
2 268458960
3 4270008
2 268458964
3 4270016
2 268458968
3 4270024
2 268458972
3 4270032
3 4270040
3 4270048
3 4270056
3 4269968
2 268458976
3 4269976
2 268458980
3 4269984
2 268458984
3 4269992
2 268458988
3 4270000
2 268458992
3 4270008
2 268458996
3 4270016
2 268459000
3 4270024
2 268459004
3 4270032
3 4270040
3 4270048
3 4270056
3 4269968
2 268459008
3 4269976
2 268459012
3 4269984
2 268459016
3 4269992
2 268459020
3 4270000
2 268459024
3 4270008
2 268459028
3 4270016
2 268459032
3 4270024
2 268459036
3 4270032
3 4270040
3 4270048
3 4270056
3 4269968
2 268459040
3 4269976
2 268459044
3 4269984
2 268459048
3 4269992
2 268459052
3 4270000
2 268459056
3 4270008
2 268459060
3 4270016
2 268459064
3 4270024
2 268459068
3 4270032
3 4270040
3 4270048
3 4270056
3 4269968
2 268459072
3 4269976
2 268459076
3 4269984
2 268459080
3 4269992
2 268459084
3 4270000
2 268459088
3 4270008
2 268459092
3 4270016
2 268459096
3 4270024
2 268459100
3 4270032
3 4270040
3 4270048
3 4270056
3 4269968
2 268459104
3 4269976
2 268459108
3 4269984
2 268459112
3 4269992
2 268459116
3 4270000
2 268459120
3 4270008
2 268459124
3 4270016
2 268459128
3 4270024
2 268459132
3 4270032
3 4270040
3 4270048
3 4270056
3 4269968
2 268459136
3 4269976
2 268459140
3 4269984
2 268459144
3 4269992
2 268459148
3 4270000
2 268459152
3 4270008
2 268459156
3 4270016
2 268459160
3 4270024
2 268459164
3 4270032
3 4270040
3 4270048
3 4270056
3 4269968
2 268459168
3 4269976
2 268459172
3 4269984
2 268459176
3 4269992
2 268459180
3 4270000
2 268459184
3 4270008
2 268459188
3 4270016
2 268459192
3 4270024
2 268459196
3 4270032
3 4270040
3 4270048
3 4270056
3 4269968
2 268459200
3 4269976
2 268459204
3 4269984
2 268459208
3 4269992
2 268459212
3 4270000
2 268459216
3 4270008
2 268459220
3 4270016
2 268459224
3 4270024
2 268459228
3 4270032
3 4270040
3 4270048
3 4270056
3 4269968
2 268459232
3 4269976
2 268459236
3 4269984
2 268459240
3 4269992
2 268459244
3 4270000
2 268459248
3 4270008
2 268459252
3 4270016
2 268459256
3 4270024
2 268459260
3 4270032
3 4270040
3 4270048
3 4270056
3 4269968
2 268459264
3 4269976
2 268459268
3 4269984
2 268459272
3 4269992
2 268459276
3 4270000
2 268459280
3 4270008
2 268459284
3 4270016
2 268459288
3 4270024
2 268459292
3 4270032
3 4270040
3 4270048
3 4270056
3 4269968
2 268459296
3 4269976
2 268459300
3 4269984
2 268459304
3 4269992
2 268459308
3 4270000
2 268459312
3 4270008
2 268459316
3 4270016
2 268459320
3 4270024
2 268459324
3 4270032
3 4270040
3 4270048
3 4270056
3 4269968
2 268459328
3 4269976
2 268459332
3 4269984
2 268459336
3 4269992
2 268459340
3 4270000
2 268459344
3 4270008
2 268459348
3 4270016
2 268459352
3 4270024
2 268459356
3 4270032
3 4270040
3 4270048
3 4270056
3 4269968
2 268459360
3 4269976
2 268459364
3 4269984
2 268459368
3 4269992
2 268459372
3 4270000
2 268459376
3 4270008
2 268459380
3 4270016
2 268459384
3 4270024
2 268459388
3 4270032
3 4270040
3 4270048
3 4270056
3 4269968
2 268459392
3 4269976
2 268459396
3 4269984
2 268459400
3 4269992
2 268459404
3 4270000
2 268459408
3 4270008
2 268459412
3 4270016
2 268459416
3 4270024
2 268459420
3 4270032
3 4270040
3 4270048
3 4270056
3 4269968
2 268459424
3 4269976
2 268459428
3 4269984
2 268459432
3 4269992
2 268459436
3 4270000
2 268459440
3 4270008
2 268459444
3 4270016
2 268459448
3 4270024
2 268459452
3 4270032
3 4270040
3 4270048
3 4270056
3 4269968
2 268459456
3 4269976
2 268459460
3 4269984
2 268459464
3 4269992
2 268459468
3 4270000
2 268459472
3 4270008
2 268459476
3 4270016
2 268459480
3 4270024
2 268459484
3 4270032
3 4270040
3 4270048
3 4270056
3 4269968
2 268459488
3 4269976
2 268459492
3 4269984
2 268459496
3 4269992
2 268459500
3 4270000
2 268459504
3 4270008
2 268459508
3 4270016
2 268459512
3 4270024
2 268459516
3 4270032
3 4270040
3 4270048
3 4270056
3 4269968
2 268459520
3 4269976
2 268459524
3 4269984
2 268459528
3 4269992
2 268459532
3 4270000
2 268459536
3 4270008
2 268459540
3 4270016
2 268459544
3 4270024
2 268459548
3 4270032
3 4270040
3 4270048
3 4270056
3 4269968
2 268459552
3 4269976
2 268459556
3 4269984
2 268459560
3 4269992
2 268459564
3 4270000
2 268459568
3 4270008
2 268459572
3 4270016
2 268459576
3 4270024
2 268459580
3 4270032
3 4270040
3 4270048
3 4270056
3 4269968
2 268459584
3 4269976
2 268459588
3 4269984
2 268459592
3 4269992
2 268459596
3 4270000
2 268459600
3 4270008
2 268459604
3 4270016
2 268459608
3 4270024
2 268459612
3 4270032
3 4270040
3 4270048
3 4270056
3 4269968
2 268459616
3 4269976
2 268459620
3 4269984
2 268459624
3 4269992
2 268459628
3 4270000
2 268459632
3 4270008
2 268459636
3 4270016
2 268459640
3 4270024
2 268459644
3 4270032
3 4270040
3 4270048
3 4270056
3 4269968
2 268459648
3 4269976
2 268459652
3 4269984
2 268459656
3 4269992
2 268459660
3 4270000
2 268459664
3 4270008
2 268459668
3 4270016
2 268459672
3 4270024
2 268459676
3 4270032
3 4270040
3 4270048
3 4270056
3 4269968
2 268459680
3 4269976
2 268459684
3 4269984
2 268459688
3 4269992
2 268459692
3 4270000
2 268459696
3 4270008
2 268459700
3 4270016
2 268459704
3 4270024
2 268459708
3 4270032
3 4270040
3 4270048
3 4270056
3 4269968
2 268459712
3 4269976
2 268459716
3 4269984
2 268459720
3 4269992
2 268459724
3 4270000
2 268459728
3 4270008
2 268459732
3 4270016
2 268459736
3 4270024
2 268459740
3 4270032
3 4270040
3 4270048
3 4270056
3 4269968
2 268459744
3 4269976
2 268459748
3 4269984
2 268459752
3 4269992
2 268459756
3 4270000
2 268459760
3 4270008
2 268459764
3 4270016
2 268459768
3 4270024
2 268459772
3 4270032
3 4270040
3 4270048
3 4270056
3 4269968
2 268459776
3 4269976
2 268459780
3 4269984
2 268459784
3 4269992
2 268459788
3 4270000
2 268459792
3 4270008
2 268459796
3 4270016
2 268459800
3 4270024
2 268459804
3 4270032
3 4270040
3 4270048
3 4270056
3 4269968
2 268459808
3 4269976
2 268459812
3 4269984
2 268459816
3 4269992
2 268459820
3 4270000
2 268459824
3 4270008
2 268459828
3 4270016
2 268459832
3 4270024
2 268459836
3 4270032
3 4270040
3 4270048
3 4270056
3 4269968
2 268459840
3 4269976
2 268459844
3 4269984
2 268459848
3 4269992
2 268459852
3 4270000
2 268459856
3 4270008
2 268459860
3 4270016
2 268459864
3 4270024
2 268459868
3 4270032
3 4270040
3 4270048
3 4270056
3 4269968
2 268459872
3 4269976
2 268459876
3 4269984
2 268459880
3 4269992
2 268459884
3 4270000
2 268459888
3 4270008
2 268459892
3 4270016
2 268459896
3 4270024
2 268459900
3 4270032
3 4270040
3 4270048
3 4270056
3 4269968
2 268459904
3 4269976
2 268459908
3 4269984
2 268459912
3 4269992
2 268459916
3 4270000
2 268459920
3 4270008
2 268459924
3 4270016
2 268459928
3 4270024
2 268459932
3 4270032
3 4270040
3 4270048
3 4270056
3 4269968
2 268459936
3 4269976
2 268459940
3 4269984
2 268459944
3 4269992
2 268459948
3 4270000
2 268459952
3 4270008
2 268459956
3 4270016
2 268459960
3 4270024
2 268459964
3 4270032
3 4270040
3 4270048
3 4270056
3 4269968
2 268459968
3 4269976
2 268459972
3 4269984
2 268459976
3 4269992
2 268459980
3 4270000
2 268459984
3 4270008
2 268459988
3 4270016
2 268459992
3 4270024
2 268459996
3 4270032
3 4270040
3 4270048
3 4270056
3 4269968
2 268460000
3 4269976
2 268460004
3 4269984
2 268460008
3 4269992
2 268460012
3 4270000
2 268460016
3 4270008
2 268460020
3 4270016
2 268460024
3 4270024
2 268460028
3 4270032
3 4270040
3 4270048
3 4270056
3 4269968
2 268460032
3 4269976
2 268460036
3 4269984
2 268460040
3 4269992
2 268460044
3 4270000
2 268460048
3 4270008
2 268460052
3 4270016
2 268460056
3 4270024
2 268460060
3 4270032
3 4270040
3 4270048
3 4270056
3 4269968
2 268460064
3 4269976
2 268460068
3 4269984
2 268460072
3 4269992
2 268460076
3 4270000
2 268460080
3 4270008
2 268460084
3 4270016
2 268460088
3 4270024
2 268460092
3 4270032
3 4270040
3 4270048
3 4270056
3 4269968
2 268460096
3 4269976
2 268460100
3 4269984
2 268460104
3 4269992
2 268460108
3 4270000
2 268460112
3 4270008
2 268460116
3 4270016
2 268460120
3 4270024
2 268460124
3 4270032
3 4270040
3 4270048
3 4270056
3 4269968
2 268460128
3 4269976
2 268460132
3 4269984
2 268460136
3 4269992
2 268460140
3 4270000
2 268460144
3 4270008
2 268460148
3 4270016
2 268460152
3 4270024
2 268460156
3 4270032
3 4270040
3 4270048
3 4270056
3 4269968
2 268460160
3 4269976
2 268460164
3 4269984
2 268460168
3 4269992
2 268460172
3 4270000
2 268460176
3 4270008
2 268460180
3 4270016
2 268460184
3 4270024
2 268460188
3 4270032
3 4270040
3 4270048
3 4270056
3 4269968
2 268460192
3 4269976
2 268460196
3 4269984
2 268460200
3 4269992
2 268460204
3 4270000
2 268460208
3 4270008
2 268460212
3 4270016
2 268460216
3 4270024
2 268460220
3 4270032
3 4270040
3 4270048
3 4270056
3 4269968
2 268460224
3 4269976
2 268460228
3 4269984
2 268460232
3 4269992
2 268460236
3 4270000
2 268460240
3 4270008
2 268460244
3 4270016
2 268460248
3 4270024
2 268460252
3 4270032
3 4270040
3 4270048
3 4270056
3 4269968
2 268460256
3 4269976
2 268460260
3 4269984
2 268460264
3 4269992
2 268460268
3 4270000
2 268460272
3 4270008
2 268460276
3 4270016
2 268460280
3 4270024
2 268460284
3 4270032
3 4270040
3 4270048
3 4270056
3 4269968
2 268460288
3 4269976
2 268460292
3 4269984
2 268460296
3 4269992
2 268460300
3 4270000
2 268460304
3 4270008
2 268460308
3 4270016
2 268460312
3 4270024
2 268460316
3 4270032
3 4270040
3 4270048
3 4270056
3 4269968
2 268460320
3 4269976
2 268460324
3 4269984
2 268460328
3 4269992
2 268460332
3 4270000
2 268460336
3 4270008
2 268460340
3 4270016
2 268460344
3 4270024
2 268460348
3 4270032
3 4270040
3 4270048
3 4270056
3 4269968
2 268460352
3 4269976
2 268460356
3 4269984
2 268460360
3 4269992
2 268460364
3 4270000
2 268460368
3 4270008
2 268460372
3 4270016
2 268460376
3 4270024
2 268460380
3 4270032
3 4270040
3 4270048
3 4270056
3 4269968
2 268460384
3 4269976
2 268460388
3 4269984
2 268460392
3 4269992
2 268460396
3 4270000
2 268460400
3 4270008
2 268460404
3 4270016
2 268460408
3 4270024
2 268460412
3 4270032
3 4270040
3 4270048
3 4270056
3 4269968
2 268460416
3 4269976
2 268460420
3 4269984
2 268460424
3 4269992
2 268460428
3 4270000
2 268460432
3 4270008
2 268460436
3 4270016
2 268460440
3 4270024
2 268460444
3 4270032
3 4270040
3 4270048
3 4270056
3 4269968
2 268460448
3 4269976
2 268460452
3 4269984
2 268460456
3 4269992
2 268460460
3 4270000
2 268460464
3 4270008
2 268460468
3 4270016
2 268460472
3 4270024
2 268460476
3 4270032
3 4270040
3 4270048
3 4270056
3 4269968
2 268460480
3 4269976
2 268460484
3 4269984
2 268460488
3 4269992
2 268460492
3 4270000
2 268460496
3 4270008
2 268460500
3 4270016
2 268460504
3 4270024
2 268460508
3 4270032
3 4270040
3 4270048
3 4270056
3 4269968
2 268460512
3 4269976
2 268460516
3 4269984
2 268460520
3 4269992
2 268460524
3 4270000
2 268460528
3 4270008
2 268460532
3 4270016
2 268460536
3 4270024
2 268460540
3 4270032
3 4270040
3 4270048
3 4270056
3 4269968
2 268460544
3 4269976
2 268460548
3 4269984
2 268460552
3 4269992
2 268460556
3 4270000
2 268460560
3 4270008
2 268460564
3 4270016
2 268460568
3 4270024
2 268460572
3 4270032
3 4270040
3 4270048
3 4270056
3 4269968
2 268460576
3 4269976
2 268460580
3 4269984
2 268460584
3 4269992
2 268460588
3 4270000
2 268460592
3 4270008
2 268460596
3 4270016
2 268460600
3 4270024
2 268460604
3 4270032
3 4270040
3 4270048
3 4270056
3 4269968
2 268460608
3 4269976
2 268460612
3 4269984
2 268460616
3 4269992
2 268460620
3 4270000
2 268460624
3 4270008
2 268460628
3 4270016
2 268460632
3 4270024
2 268460636
3 4270032
3 4270040
3 4270048
3 4270056
3 4269968
2 268460640
3 4269976
2 268460644
3 4269984
2 268460648
3 4269992
2 268460652
3 4270000
2 268460656
3 4270008
2 268460660
3 4270016
2 268460664
3 4270024
2 268460668
3 4270032
3 4270040
3 4270048
3 4270056
3 4269968
2 268460672
3 4269976
2 268460676
3 4269984
2 268460680
3 4269992
2 268460684
3 4270000
2 268460688
3 4270008
2 268460692
3 4270016
2 268460696
3 4270024
2 268460700
3 4270032
3 4270040
3 4270048
3 4270056
3 4269968
2 268460704
3 4269976
2 268460708
3 4269984
2 268460712
3 4269992
2 268460716
3 4270000
2 268460720
3 4270008
2 268460724
3 4270016
2 268460728
3 4270024
2 268460732
3 4270032
3 4270040
3 4270048
3 4270056
3 4269968
2 268460736
3 4269976
2 268460740
3 4269984
2 268460744
3 4269992
2 268460748
3 4270000
2 268460752
3 4270008
2 268460756
3 4270016
2 268460760
3 4270024
2 268460764
3 4270032
3 4270040
3 4270048
3 4270056
3 4269968
2 268460768
3 4269976
2 268460772
3 4269984
2 268460776
3 4269992
2 268460780
3 4270000
2 268460784
3 4270008
2 268460788
3 4270016
2 268460792
3 4270024
2 268460796
3 4270032
3 4270040
3 4270048
3 4270056
3 4269968
2 268460800
3 4269976
2 268460804
3 4269984
2 268460808
3 4269992
2 268460812
3 4270000
2 268460816
3 4270008
2 268460820
3 4270016
2 268460824
3 4270024
2 268460828
3 4270032
3 4270040
3 4270048
3 4270056
3 4269968
2 268460832
3 4269976
2 268460836
3 4269984
2 268460840
3 4269992
2 268460844
3 4270000
2 268460848
3 4270008
2 268460852
3 4270016
2 268460856
3 4270024
2 268460860
3 4270032
3 4270040
3 4270048
3 4270056
3 4269968
2 268460864
3 4269976
2 268460868
3 4269984
2 268460872
3 4269992
2 268460876
3 4270000
2 268460880
3 4270008
2 268460884
3 4270016
2 268460888
3 4270024
2 268460892
3 4270032
3 4270040
3 4270048
3 4270056
3 4269968
2 268460896
3 4269976
2 268460900
3 4269984
2 268460904
3 4269992
2 268460908
3 4270000
2 268460912
3 4270008
2 268460916
3 4270016
2 268460920
3 4270024
2 268460924
3 4270032
3 4270040
3 4270048
3 4270056
3 4269968
2 268460928
3 4269976
2 268460932
3 4269984
2 268460936
3 4269992
2 268460940
3 4270000
2 268460944
3 4270008
2 268460948
3 4270016
2 268460952
3 4270024
2 268460956
3 4270032
3 4270040
3 4270048
3 4270056
3 4269968
2 268460960
3 4269976
2 268460964
3 4269984
2 268460968
3 4269992
2 268460972
3 4270000
2 268460976
3 4270008
2 268460980
3 4270016
2 268460984
3 4270024
2 268460988
3 4270032
3 4270040
3 4270048
3 4270056
3 4269968
2 268460992
3 4269976
2 268460996
3 4269984
2 268461000
3 4269992
2 268461004
3 4270000
2 268461008
3 4270008
2 268461012
3 4270016
2 268461016
3 4270024
2 268461020
3 4270032
3 4270040
3 4270048
3 4270056
3 4269968
2 268461024
3 4269976
2 268461028
3 4269984
2 268461032
3 4269992
2 268461036
3 4270000
2 268461040
3 4270008
2 268461044
3 4270016
2 268461048
3 4270024
2 268461052
3 4270032
3 4270040
3 4270048
3 4270056
3 4269968
2 268461056
3 4269976
2 268461060
3 4269984
2 268461064
3 4269992
2 268461068
3 4270000
2 268461072
3 4270008
2 268461076
3 4270016
2 268461080
3 4270024
2 268461084
3 4270032
3 4270040
3 4270048
3 4270056
3 4269968
2 268461088
3 4269976
2 268461092
3 4269984
2 268461096
3 4269992
2 268461100
3 4270000
2 268461104
3 4270008
2 268461108
3 4270016
2 268461112
3 4270024
2 268461116
3 4270032
3 4270040
3 4270048
3 4270056
3 4269968
2 268461120
3 4269976
2 268461124
3 4269984
2 268461128
3 4269992
2 268461132
3 4270000
2 268461136
3 4270008
2 268461140
3 4270016
2 268461144
3 4270024
2 268461148
3 4270032
3 4270040
3 4270048
3 4270056
3 4269968
2 268461152
3 4269976
2 268461156
3 4269984
2 268461160
3 4269992
2 268461164
3 4270000
2 268461168
3 4270008
2 268461172
3 4270016
2 268461176
3 4270024
2 268461180
3 4270032
3 4270040
3 4270048
3 4270056
3 4269968
2 268461184
3 4269976
2 268461188
3 4269984
2 268461192
3 4269992
2 268461196
3 4270000
2 268461200
3 4270008
2 268461204
3 4270016
2 268461208
3 4270024
2 268461212
3 4270032
3 4270040
3 4270048
3 4270056
3 4269968
2 268461216
3 4269976
2 268461220
3 4269984
2 268461224
3 4269992
2 268461228
3 4270000
2 268461232
3 4270008
2 268461236
3 4270016
2 268461240
3 4270024
2 268461244
3 4270032
3 4270040
3 4270048
3 4270056
3 4269968
2 268461248
3 4269976
2 268461252
3 4269984
2 268461256
3 4269992
2 268461260
3 4270000
2 268461264
3 4270008
2 268461268
3 4270016
2 268461272
3 4270024
2 268461276
3 4270032
3 4270040
3 4270048
3 4270056
3 4269968
2 268461280
3 4269976
2 268461284
3 4269984
2 268461288
3 4269992
2 268461292
3 4270000
2 268461296
3 4270008
2 268461300
3 4270016
2 268461304
3 4270024
2 268461308
3 4270032
3 4270040
3 4270048
3 4270056
3 4269968
2 268461312
3 4269976
2 268461316
3 4269984
2 268461320
3 4269992
2 268461324
3 4270000
2 268461328
3 4270008
2 268461332
3 4270016
2 268461336
3 4270024
2 268461340
3 4270032
3 4270040
3 4270048
3 4270056
3 4269968
2 268461344
3 4269976
2 268461348
3 4269984
2 268461352
3 4269992
2 268461356
3 4270000
2 268461360
3 4270008
2 268461364
3 4270016
2 268461368
3 4270024
2 268461372
3 4270032
3 4270040
3 4270048
3 4270056
3 4269968
2 268461376
3 4269976
2 268461380
3 4269984
2 268461384
3 4269992
2 268461388
3 4270000
2 268461392
3 4270008
2 268461396
3 4270016
2 268461400
3 4270024
2 268461404
3 4270032
3 4270040
3 4270048
3 4270056
3 4269968
2 268461408
3 4269976
2 268461412
3 4269984
2 268461416
3 4269992
2 268461420
3 4270000
2 268461424
3 4270008
2 268461428
3 4270016
2 268461432
3 4270024
2 268461436
3 4270032
3 4270040
3 4270048
3 4270056
3 4269968
2 268461440
3 4269976
2 268461444
3 4269984
2 268461448
3 4269992
2 268461452
3 4270000
2 268461456
3 4270008
2 268461460
3 4270016
2 268461464
3 4270024
2 268461468
3 4270032
3 4270040
3 4270048
3 4270056
3 4269968
2 268461472
3 4269976
2 268461476
3 4269984
2 268461480
3 4269992
2 268461484
3 4270000
2 268461488
3 4270008
2 268461492
3 4270016
2 268461496
3 4270024
2 268461500
3 4270032
3 4270040
3 4270048
3 4270056
3 4269968
2 268461504
3 4269976
2 268461508
3 4269984
2 268461512
3 4269992
2 268461516
3 4270000
2 268461520
3 4270008
2 268461524
3 4270016
2 268461528
3 4270024
2 268461532
3 4270032
3 4270040
3 4270048
3 4270056
3 4269968
2 268461536
3 4269976
2 268461540
3 4269984
2 268461544
3 4269992
2 268461548
3 4212664
